2222
10.165656542975100
10.092004893271399
8.218487107655550
8.533542852069999
10.165656542975100
10.092004893271399
8.218487107655550
8.533542852069999
9.232460989179360
10.256887177918800
9.232460989179360
10.256887177918800
10.060983256643000
8.110125511919691
10.060983256643000
8.110125511919691
11.931991724793701
12.003708458285899
11.931991724793701
12.003708458285899
11.793290725596400
11.793290725596400
11.466055840954199
11.466055840954199
8.058018085989110
10.037820977838500
8.058018085989110
10.037820977838500
8.030891660495771
10.023091406786200
8.030891660495771
10.023091406786200
8.016089964883831
10.012984992382901
8.016089964883831
10.012984992382901
10.005949548302100
8.007140402361429
10.005949548302100
8.007140402361429
6.533890743121840
7.268285912919830
6.533890743121840
7.268285912919830
6.260317192964470
6.260317192964470
6.126581022295090
6.126581022295090
6.062445618241970
6.062445618241970
6.031455433967750
6.031455433967750
6.015335387665630
6.015335387665630
6.006148944284030
6.006148944284030
12.007710676592600
12.003263641934099
12.007710676592600
12.003263641934099
12.012508301751300
12.012508301751300
12.014220798279799
12.014220798279799
10.667157375070699
10.667157375070699
9.531292378480231
9.531292378480231
8.674458457898879
6.552900563545850
8.674458457898879
6.552900563545850
7.973093013111550
6.074504859753500
7.973093013111550
6.074504859753500
7.300717885756130
5.671408891815320
7.300717885756130
5.671408891815320
6.493972783962830
5.383104794777490
6.493972783962830
5.383104794777490
8.001407226561589
6.000976238929580
8.001407226561589
6.000976238929580
10.000687320411600
10.000687320411600
12.000113810810401
12.000113810810401
3.995786265645320
4.827060392816060
3.995786265645320
4.827060392816060
3.939064840569600
3.939064840569600
4.094997207870770
4.094997207870770
4.332331529046330
4.332331529046330
4.511146958490580
4.511146958490580
4.376577360005130
4.376577360005130
4.206414040257930
4.206414040257930
4.104000629894540
4.104000629894540
4.051258108169330
4.051258108169330
4.025060659678090
4.025060659678090
4.011203598719250
4.011203598719250
4.003611145583380
4.003611145583380
4.000400885118550
4.000400885118550
14.001142762463100
14.000162100193201
14.001142762463100
14.000162100193201
14.003758581684499
14.003758581684499
14.004702933711700
14.004702933711700
14.000286327621900
14.000286327621900
13.974553341086301
13.974553341086301
13.853366669375600
13.853366669375600
13.631171445600900
13.631171445600900
13.142091168606800
13.142091168606800
12.416185652718699
12.416185652718699
11.511681323867800
11.511681323867800
10.627179548211901
10.627179548211901
9.869386459760131
9.869386459760131
9.088545016278800
9.088545016278800
8.205841204485621
8.205841204485621
7.126753589065370
7.126753589065370
6.296408920458870
4.257637524359310
6.296408920458870
4.257637524359310
5.569213578365980
3.812933450540880
5.569213578365980
3.812933450540880
4.739716424511130
3.533490705323840
4.739716424511130
3.533490705323840
2.075552187514790
2.976228903539520
2.075552187514790
2.976228903539520
1.997994467650120
1.997994467650120
2.113423523210470
2.113423523210470
2.224426850995400
2.224426850995400
2.056257301985540
2.056257301985540
1.999220881320280
1.999220881320280
2.062461880603650
2.062461880603650
2.166956635978510
2.166956635978510
2.238362522803000
2.238362522803000
2.188170301885160
2.188170301885160
2.109679893539730
2.109679893539730
2.056971633598290
2.056971633598290
2.028372793538160
2.028372793538160
2.013503387924860
2.013503387924860
2.004728185808420
2.004728185808420
2.001327615993680
2.001327615993680
1.999609728756780
1.999609728756780
3.999275190253380
1.999268247220560
3.999275190253380
1.999268247220560
5.999210887597160
5.999210887597160
7.999342363310220
7.999342363310220
9.999373769695071
9.999373769695071
11.999737145111700
11.999737145111700
13.999610489265100
13.999610489265100
15.999630581157900
15.999462115854300
15.999630581157900
15.999462115854300
16.000123447606299
16.000123447606299
16.001130110890699
16.001130110890699
16.001051856907299
16.001051856907299
15.995623670778601
15.995623670778601
15.973592749932500
15.973592749932500
15.869569065543100
15.869569065543100
15.645213641967800
15.645213641967800
15.065045808997599
15.065045808997599
14.323724735452201
14.323724735452201
13.445515482546501
13.445515482546501
12.602041264778700
12.602041264778700
11.785277338013600
11.785277338013600
10.955114634798200
10.955114634798200
10.073365411420699
10.073365411420699
9.143429160134239
9.143429160134239
8.291882263076809
8.291882263076809
7.471080868720870
7.471080868720870
6.585320500773840
6.585320500773840
5.527424546703940
5.527424546703940
4.775121254368590
2.463689914594520
4.775121254368590
2.463689914594520
4.245321260219770
2.210504325971640
4.245321260219770
2.210504325971640
4.090815417781030
2.097272142042980
4.090815417781030
2.097272142042980
4.053001740330040
2.052780404189120
4.053001740330040
2.052780404189120
4.031383049456690
2.021461006714320
4.031383049456690
2.021461006714320
2.000000000000000
4.000000000000000
2.000000000000000
4.000000000000000
4.000000000000000
2.000000000000000
4.000000000000000
2.000000000000000
6.000000000000000
6.000000000000000
8.000000000000000
8.000000000000000
10.000000000000000
10.000000000000000
12.000000000000000
12.000000000000000
14.000000000000000
14.000000000000000
16.000000000000000
16.000000000000000
0.000000000000000
0.000000000000000
0.000000000000000
0.000000000000000
0.000000000000000
0.000000000000000
0.000000000000000
0.000000000000000
0.000000000000000
0.000000000000000
0.000000000000000
0.000000000000000
0.000000000000000
0.000000000000000
0.000000000000000
0.000000000000000
0.000000000000000
0.000000000000000
0.000000000000000
0.000000000000000
0.000000000000000
0.000000000000000
0.000000000000000
0.000000000000000
0.000000000000000
0.000000000000000
0.000000000000000
0.000000000000000
0.000000000000000
0.000000000000000
0.000000000000000
0.000000000000000
0.000000000000000
0.000000000000000
0.000000000000000
0.000000000000000
0.000000000000000
0.000000000000000
0.000000000000000
0.000000000000000
0.000000000000000
0.000000000000000
0.000000000000000
0.000000000000000
0.000000000000000
0.000000000000000
0.000000000000000
0.000000000000000
0.000000000000000
0.000000000000000
0.000000000000000
0.000000000000000
18.000000000000000
18.000000000000000
18.000000000000000
18.000000000000000
18.000000000000000
18.000000000000000
18.000000000000000
18.000000000000000
18.000000000000000
18.000000000000000
18.000000000000000
18.000000000000000
18.000000000000000
18.000000000000000
18.000000000000000
18.000000000000000
18.000000000000000
18.000000000000000
18.000000000000000
18.000000000000000
17.142857142857100
17.142857142857100
16.285714285714299
16.285714285714299
15.428571428571400
15.428571428571400
14.571428571428600
14.571428571428600
13.714285714285699
13.714285714285699
12.857142857142900
12.857142857142900
12.000000000000000
12.000000000000000
11.142857142857100
11.142857142857100
10.285714285714301
10.285714285714301
9.428571428571431
9.428571428571431
8.571428571428569
8.571428571428569
7.714285714285710
7.714285714285710
6.857142857142860
6.857142857142860
6.000000000000000
6.000000000000000
6.000000000000000
6.000000000000000
6.000000000000000
6.000000000000000
6.000000000000000
6.000000000000000
6.000000000000000
6.000000000000000
10.165656542975100
10.092004893271399
8.218487107655550
8.533542852069999
9.232460989179360
10.256887177918800
10.060983256643000
8.110125511919691
11.931991724793701
12.003708458285899
11.793290725596400
11.466055840954199
8.058018085989110
10.037820977838500
8.030891660495771
10.023091406786200
8.016089964883831
10.012984992382901
10.005949548302100
8.007140402361429
6.533890743121840
7.268285912919830
6.260317192964470
6.126581022295090
6.062445618241970
6.031455433967750
6.015335387665630
6.006148944284030
12.007710676592600
12.003263641934099
12.012508301751300
12.014220798279799
10.667157375070699
9.531292378480231
8.674458457898879
6.552900563545850
7.973093013111550
6.074504859753500
7.300717885756130
5.671408891815320
6.493972783962830
5.383104794777490
8.001407226561589
6.000976238929580
10.000687320411600
12.000113810810401
3.995786265645320
4.827060392816060
3.939064840569600
4.094997207870770
4.332331529046330
4.511146958490580
4.376577360005130
4.206414040257930
4.104000629894540
4.051258108169330
4.025060659678090
4.011203598719250
4.003611145583380
4.000400885118550
14.001142762463100
14.000162100193201
14.003758581684499
14.004702933711700
14.000286327621900
13.974553341086301
13.853366669375600
13.631171445600900
13.142091168606800
12.416185652718699
11.511681323867800
10.627179548211901
9.869386459760131
9.088545016278800
8.205841204485621
7.126753589065370
6.296408920458870
4.257637524359310
5.569213578365980
3.812933450540880
4.739716424511130
3.533490705323840
2.075552187514790
2.976228903539520
1.997994467650120
2.113423523210470
2.224426850995400
2.056257301985540
1.999220881320280
2.062461880603650
2.166956635978510
2.238362522803000
2.188170301885160
2.109679893539730
2.056971633598290
2.028372793538160
2.013503387924860
2.004728185808420
2.001327615993680
1.999609728756780
3.999275190253380
1.999268247220560
5.999210887597160
7.999342363310220
9.999373769695071
11.999737145111700
13.999610489265100
15.999630581157900
15.999462115854300
16.000123447606299
16.001130110890699
16.001051856907299
15.995623670778601
15.973592749932500
15.869569065543100
15.645213641967800
15.065045808997599
14.323724735452201
13.445515482546501
12.602041264778700
11.785277338013600
10.955114634798200
10.073365411420699
9.143429160134239
8.291882263076809
7.471080868720870
6.585320500773840
5.527424546703940
4.775121254368590
2.463689914594520
4.245321260219770
2.210504325971640
4.090815417781030
2.097272142042980
4.053001740330040
2.052780404189120
4.031383049456690
2.021461006714320
2.000000000000000
4.000000000000000
4.000000000000000
2.000000000000000
6.000000000000000
8.000000000000000
10.000000000000000
12.000000000000000
14.000000000000000
16.000000000000000
0.000000000000000
0.000000000000000
0.000000000000000
0.000000000000000
0.000000000000000
0.000000000000000
0.000000000000000
0.000000000000000
0.000000000000000
0.000000000000000
0.000000000000000
0.000000000000000
0.000000000000000
0.000000000000000
0.000000000000000
0.000000000000000
0.000000000000000
0.000000000000000
0.000000000000000
0.000000000000000
0.000000000000000
0.000000000000000
0.000000000000000
0.000000000000000
0.000000000000000
0.000000000000000
18.000000000000000
18.000000000000000
18.000000000000000
18.000000000000000
18.000000000000000
18.000000000000000
18.000000000000000
18.000000000000000
18.000000000000000
18.000000000000000
17.142857142857100
16.285714285714299
15.428571428571400
14.571428571428600
13.714285714285699
12.857142857142900
12.000000000000000
11.142857142857100
10.285714285714301
9.428571428571431
8.571428571428569
7.714285714285710
6.857142857142860
6.000000000000000
6.000000000000000
6.000000000000000
6.000000000000000
6.000000000000000
10.165656542975100
10.092004893271399
8.218487107655550
8.533542852069999
9.232460989179360
10.256887177918800
10.060983256643000
8.110125511919691
11.931991724793701
12.003708458285899
11.793290725596400
11.466055840954199
8.058018085989110
10.037820977838500
8.030891660495771
10.023091406786200
8.016089964883831
10.012984992382901
10.005949548302100
8.007140402361429
6.533890743121840
7.268285912919830
6.260317192964470
6.126581022295090
6.062445618241970
6.031455433967750
6.015335387665630
6.006148944284030
12.007710676592600
12.003263641934099
12.012508301751300
12.014220798279799
10.667157375070699
9.531292378480231
8.674458457898879
6.552900563545850
7.973093013111550
6.074504859753500
7.300717885756130
5.671408891815320
6.493972783962830
5.383104794777490
8.001407226561589
6.000976238929580
10.000687320411600
12.000113810810401
3.995786265645320
4.827060392816060
3.939064840569600
4.094997207870770
4.332331529046330
4.511146958490580
4.376577360005130
4.206414040257930
4.104000629894540
4.051258108169330
4.025060659678090
4.011203598719250
4.003611145583380
4.000400885118550
14.001142762463100
14.000162100193201
14.003758581684499
14.004702933711700
14.000286327621900
13.974553341086301
13.853366669375600
13.631171445600900
13.142091168606800
12.416185652718699
11.511681323867800
10.627179548211901
9.869386459760131
9.088545016278800
8.205841204485621
7.126753589065370
6.296408920458870
4.257637524359310
5.569213578365980
3.812933450540880
4.739716424511130
3.533490705323840
2.075552187514790
2.976228903539520
1.997994467650120
2.113423523210470
2.224426850995400
2.056257301985540
1.999220881320280
2.062461880603650
2.166956635978510
2.238362522803000
2.188170301885160
2.109679893539730
2.056971633598290
2.028372793538160
2.013503387924860
2.004728185808420
2.001327615993680
1.999609728756780
3.999275190253380
1.999268247220560
5.999210887597160
7.999342363310220
9.999373769695071
11.999737145111700
13.999610489265100
15.999630581157900
15.999462115854300
16.000123447606299
16.001130110890699
16.001051856907299
15.995623670778601
15.973592749932500
15.869569065543100
15.645213641967800
15.065045808997599
14.323724735452201
13.445515482546501
12.602041264778700
11.785277338013600
10.955114634798200
10.073365411420699
9.143429160134239
8.291882263076809
7.471080868720870
6.585320500773840
5.527424546703940
4.775121254368590
2.463689914594520
4.245321260219770
2.210504325971640
4.090815417781030
2.097272142042980
4.053001740330040
2.052780404189120
4.031383049456690
2.021461006714320
2.000000000000000
4.000000000000000
4.000000000000000
2.000000000000000
6.000000000000000
8.000000000000000
10.000000000000000
12.000000000000000
14.000000000000000
16.000000000000000
0.000000000000000
0.000000000000000
0.000000000000000
0.000000000000000
0.000000000000000
0.000000000000000
0.000000000000000
0.000000000000000
0.000000000000000
0.000000000000000
0.000000000000000
0.000000000000000
0.000000000000000
0.000000000000000
0.000000000000000
0.000000000000000
0.000000000000000
0.000000000000000
0.000000000000000
0.000000000000000
0.000000000000000
0.000000000000000
0.000000000000000
0.000000000000000
0.000000000000000
0.000000000000000
18.000000000000000
18.000000000000000
18.000000000000000
18.000000000000000
18.000000000000000
18.000000000000000
18.000000000000000
18.000000000000000
18.000000000000000
18.000000000000000
17.142857142857100
16.285714285714299
15.428571428571400
14.571428571428600
13.714285714285699
12.857142857142900
12.000000000000000
11.142857142857100
10.285714285714301
9.428571428571431
8.571428571428569
7.714285714285710
6.857142857142860
6.000000000000000
6.000000000000000
6.000000000000000
6.000000000000000
6.000000000000000
10.165656542975100
10.092004893271399
8.218487107655550
8.533542852069999
9.232460989179360
10.256887177918800
10.060983256643000
8.110125511919691
11.931991724793701
12.003708458285899
11.793290725596400
11.466055840954199
8.058018085989110
10.037820977838500
8.030891660495771
10.023091406786200
8.016089964883831
10.012984992382901
10.005949548302100
8.007140402361429
6.533890743121840
7.268285912919830
6.260317192964470
6.126581022295090
6.062445618241970
6.031455433967750
6.015335387665630
6.006148944284030
12.007710676592600
12.003263641934099
12.012508301751300
12.014220798279799
10.667157375070699
9.531292378480231
8.674458457898879
6.552900563545850
7.973093013111550
6.074504859753500
7.300717885756130
5.671408891815320
6.493972783962830
5.383104794777490
8.001407226561589
6.000976238929580
10.000687320411600
12.000113810810401
3.995786265645320
4.827060392816060
3.939064840569610
4.094997207870770
4.332331529046330
4.511146958490580
4.376577360005130
4.206414040257930
4.104000629894540
4.051258108169330
4.025060659678090
4.011203598719250
4.003611145583380
4.000400885118550
14.001142762463100
14.000162100193201
14.003758581684499
14.004702933711700
14.000286327621900
13.974553341086301
13.853366669375600
13.631171445600900
13.142091168606800
12.416185652718699
11.511681323867800
10.627179548211901
9.869386459760131
9.088545016278800
8.205841204485621
7.126753589065370
6.296408920458870
4.257637524359310
5.569213578365980
3.812933450540880
4.739716424511130
3.533490705323840
2.075552187514790
2.976228903539520
1.997994467650120
2.113423523210470
2.224426850995400
2.056257301985540
1.999220881320280
2.062461880603650
2.166956635978510
2.238362522803000
2.188170301885160
2.109679893539730
2.056971633598290
2.028372793538160
2.013503387924860
2.004728185808420
2.001327615993680
1.999609728756780
3.999275190253380
1.999268247220560
5.999210887597160
7.999342363310220
9.999373769695071
11.999737145111700
13.999610489265100
15.999630581157900
15.999462115854300
16.000123447606299
16.001130110890699
16.001051856907299
15.995623670778601
15.973592749932500
15.869569065543100
15.645213641967800
15.065045808997599
14.323724735452201
13.445515482546501
12.602041264778700
11.785277338013600
10.955114634798200
10.073365411420699
9.143429160134239
8.291882263076809
7.471080868720870
6.585320500773840
5.527424546703940
4.775121254368590
2.463689914594520
4.245321260219770
2.210504325971640
4.090815417781030
2.097272142042980
4.053001740330040
2.052780404189120
4.031383049456690
2.021461006714320
2.000000000000000
4.000000000000000
4.000000000000000
2.000000000000000
6.000000000000000
8.000000000000000
10.000000000000000
12.000000000000000
14.000000000000000
16.000000000000000
0.000000000000000
0.000000000000000
0.000000000000000
0.000000000000000
0.000000000000000
0.000000000000000
0.000000000000000
0.000000000000000
0.000000000000000
0.000000000000000
0.000000000000000
0.000000000000000
0.000000000000000
0.000000000000000
0.000000000000000
0.000000000000000
0.000000000000000
0.000000000000000
0.000000000000000
0.000000000000000
0.000000000000000
0.000000000000000
0.000000000000000
0.000000000000000
0.000000000000000
0.000000000000000
18.000000000000000
18.000000000000000
18.000000000000000
18.000000000000000
18.000000000000000
18.000000000000000
18.000000000000000
18.000000000000000
18.000000000000000
18.000000000000000
17.142857142857100
16.285714285714299
15.428571428571400
14.571428571428600
13.714285714285699
12.857142857142900
12.000000000000000
11.142857142857100
10.285714285714301
9.428571428571431
8.571428571428569
7.714285714285710
6.857142857142850
6.000000000000000
6.000000000000000
6.000000000000000
6.000000000000000
6.000000000000000
10.165656542975100
10.092004893271399
8.218487107655550
8.533542852069999
9.232460989179360
10.256887177918800
10.060983256643000
8.110125511919691
11.931991724793701
12.003708458285899
11.793290725596400
11.466055840954199
8.058018085989110
10.037820977838500
8.030891660495771
10.023091406786200
8.016089964883831
10.012984992382901
10.005949548302100
8.007140402361429
6.533890743121840
7.268285912919830
6.260317192964470
6.126581022295090
6.062445618241970
6.031455433967750
6.015335387665630
6.006148944284030
12.007710676592600
12.003263641934099
12.012508301751300
12.014220798279799
10.667157375070699
9.531292378480231
8.674458457898879
6.552900563545850
7.973093013111550
6.074504859753500
7.300717885756130
5.671408891815320
6.493972783962830
5.383104794777490
8.001407226561589
6.000976238929580
10.000687320411600
12.000113810810401
3.995786265645320
4.827060392816060
3.939064840569600
4.094997207870770
4.332331529046330
4.511146958490580
4.376577360005130
4.206414040257930
4.104000629894540
4.051258108169330
4.025060659678090
4.011203598719250
4.003611145583380
4.000400885118550
14.001142762463100
14.000162100193201
14.003758581684499
14.004702933711700
14.000286327621900
13.974553341086301
13.853366669375600
13.631171445600900
13.142091168606800
12.416185652718699
11.511681323867800
10.627179548211901
9.869386459760131
9.088545016278800
8.205841204485621
7.126753589065370
6.296408920458870
4.257637524359310
5.569213578365980
3.812933450540880
4.739716424511130
3.533490705323840
2.075552187514790
2.976228903539520
1.997994467650120
2.113423523210470
2.224426850995400
2.056257301985540
1.999220881320280
2.062461880603650
2.166956635978510
2.238362522803000
2.188170301885160
2.109679893539730
2.056971633598290
2.028372793538160
2.013503387924860
2.004728185808420
2.001327615993680
1.999609728756780
3.999275190253380
1.999268247220560
5.999210887597160
7.999342363310220
9.999373769695071
11.999737145111700
13.999610489265100
15.999630581157900
15.999462115854300
16.000123447606299
16.001130110890699
16.001051856907299
15.995623670778601
15.973592749932500
15.869569065543100
15.645213641967800
15.065045808997599
14.323724735452201
13.445515482546501
12.602041264778700
11.785277338013600
10.955114634798200
10.073365411420699
9.143429160134239
8.291882263076809
7.471080868720870
6.585320500773840
5.527424546703940
4.775121254368590
2.463689914594520
4.245321260219770
2.210504325971640
4.090815417781030
2.097272142042980
4.053001740330040
2.052780404189120
4.031383049456690
2.021461006714320
2.000000000000000
4.000000000000000
4.000000000000000
2.000000000000000
6.000000000000000
8.000000000000000
10.000000000000000
12.000000000000000
14.000000000000000
16.000000000000000
0.000000000000000
0.000000000000000
0.000000000000000
0.000000000000000
0.000000000000000
0.000000000000000
0.000000000000000
0.000000000000000
0.000000000000000
0.000000000000000
0.000000000000000
0.000000000000000
0.000000000000000
0.000000000000000
0.000000000000000
0.000000000000000
0.000000000000000
0.000000000000000
0.000000000000000
0.000000000000000
0.000000000000000
0.000000000000000
0.000000000000000
0.000000000000000
0.000000000000000
0.000000000000000
18.000000000000000
18.000000000000000
18.000000000000000
18.000000000000000
18.000000000000000
18.000000000000000
18.000000000000000
18.000000000000000
18.000000000000000
18.000000000000000
17.142857142857100
16.285714285714299
15.428571428571400
14.571428571428600
13.714285714285699
12.857142857142900
12.000000000000000
11.142857142857100
10.285714285714301
9.428571428571431
8.571428571428569
7.714285714285710
6.857142857142860
6.000000000000000
6.000000000000000
6.000000000000000
6.000000000000000
6.000000000000000
10.165656542975100
10.092004893271399
8.218487107655550
8.533542852069999
9.232460989179360
10.256887177918800
10.060983256643000
8.110125511919691
11.931991724793701
12.003708458285899
11.793290725596400
11.466055840954199
8.058018085989110
10.037820977838500
8.030891660495771
10.023091406786200
8.016089964883831
10.012984992382901
10.005949548302100
8.007140402361429
6.533890743121840
7.268285912919830
6.260317192964470
6.126581022295090
6.062445618241970
6.031455433967750
6.015335387665630
6.006148944284030
12.007710676592600
12.003263641934099
12.012508301751300
12.014220798279799
10.667157375070699
9.531292378480231
8.674458457898879
6.552900563545850
7.973093013111550
6.074504859753500
7.300717885756130
5.671408891815320
6.493972783962830
5.383104794777490
8.001407226561589
6.000976238929580
10.000687320411600
12.000113810810401
3.995786265645320
4.827060392816060
3.939064840569600
4.094997207870770
4.332331529046330
4.511146958490580
4.376577360005130
4.206414040257930
4.104000629894540
4.051258108169330
4.025060659678090
4.011203598719250
4.003611145583380
4.000400885118550
14.001142762463100
14.000162100193201
14.003758581684499
14.004702933711700
14.000286327621900
13.974553341086301
13.853366669375600
13.631171445600900
13.142091168606800
12.416185652718699
11.511681323867800
10.627179548211901
9.869386459760131
9.088545016278800
8.205841204485621
7.126753589065370
6.296408920458870
4.257637524359310
5.569213578365980
3.812933450540880
4.739716424511130
3.533490705323840
2.075552187514790
2.976228903539520
1.997994467650120
2.113423523210470
2.224426850995400
2.056257301985540
1.999220881320280
2.062461880603650
2.166956635978510
2.238362522803000
2.188170301885160
2.109679893539730
2.056971633598290
2.028372793538160
2.013503387924860
2.004728185808420
2.001327615993680
1.999609728756780
3.999275190253380
1.999268247220560
5.999210887597160
7.999342363310220
9.999373769695071
11.999737145111700
13.999610489265100
15.999630581157900
15.999462115854300
16.000123447606299
16.001130110890699
16.001051856907299
15.995623670778601
15.973592749932500
15.869569065543100
15.645213641967800
15.065045808997599
14.323724735452201
13.445515482546501
12.602041264778700
11.785277338013600
10.955114634798200
10.073365411420699
9.143429160134239
8.291882263076809
7.471080868720870
6.585320500773840
5.527424546703940
4.775121254368590
2.463689914594520
4.245321260219770
2.210504325971640
4.090815417781030
2.097272142042980
4.053001740330040
2.052780404189120
4.031383049456690
2.021461006714320
2.000000000000000
4.000000000000000
4.000000000000000
2.000000000000000
6.000000000000000
8.000000000000000
10.000000000000000
12.000000000000000
14.000000000000000
16.000000000000000
0.000000000000000
0.000000000000000
0.000000000000000
0.000000000000000
0.000000000000000
0.000000000000000
0.000000000000000
0.000000000000000
0.000000000000000
0.000000000000000
0.000000000000000
0.000000000000000
0.000000000000000
0.000000000000000
0.000000000000000
0.000000000000000
0.000000000000000
0.000000000000000
0.000000000000000
0.000000000000000
0.000000000000000
0.000000000000000
0.000000000000000
0.000000000000000
0.000000000000000
0.000000000000000
18.000000000000000
18.000000000000000
18.000000000000000
18.000000000000000
18.000000000000000
18.000000000000000
18.000000000000000
18.000000000000000
18.000000000000000
18.000000000000000
17.142857142857100
16.285714285714299
15.428571428571400
14.571428571428600
13.714285714285699
12.857142857142900
12.000000000000000
11.142857142857100
10.285714285714301
9.428571428571431
8.571428571428569
7.714285714285710
6.857142857142860
6.000000000000000
6.000000000000000
6.000000000000000
6.000000000000000
6.000000000000000
10.165656542975100
10.092004893271399
8.218487107655550
8.533542852069999
9.232460989179360
10.256887177918800
10.060983256643000
8.110125511919691
11.931991724793701
12.003708458285899
11.793290725596400
11.466055840954199
8.058018085989110
10.037820977838500
8.030891660495771
10.023091406786200
8.016089964883831
10.012984992382901
10.005949548302100
8.007140402361429
6.533890743121840
7.268285912919830
6.260317192964470
6.126581022295090
6.062445618241970
6.031455433967750
6.015335387665630
6.006148944284030
12.007710676592600
12.003263641934099
12.012508301751300
12.014220798279799
10.667157375070699
9.531292378480231
8.674458457898879
6.552900563545850
7.973093013111550
6.074504859753500
7.300717885756130
5.671408891815320
6.493972783962830
5.383104794777490
8.001407226561589
6.000976238929580
10.000687320411600
12.000113810810401
3.995786265645320
4.827060392816060
3.939064840569600
4.094997207870770
4.332331529046330
4.511146958490580
4.376577360005130
4.206414040257930
4.104000629894540
4.051258108169330
4.025060659678090
4.011203598719250
4.003611145583380
4.000400885118550
14.001142762463100
14.000162100193201
14.003758581684499
14.004702933711700
14.000286327621900
13.974553341086301
13.853366669375600
13.631171445600900
13.142091168606800
12.416185652718699
11.511681323867800
10.627179548211901
9.869386459760131
9.088545016278800
8.205841204485621
7.126753589065370
6.296408920458870
4.257637524359310
5.569213578365980
3.812933450540880
4.739716424511130
3.533490705323840
2.075552187514790
2.976228903539520
1.997994467650120
2.113423523210470
2.224426850995400
2.056257301985540
1.999220881320280
2.062461880603650
2.166956635978510
2.238362522803000
2.188170301885160
2.109679893539730
2.056971633598290
2.028372793538160
2.013503387924860
2.004728185808420
2.001327615993680
1.999609728756780
3.999275190253380
1.999268247220560
5.999210887597160
7.999342363310220
9.999373769695071
11.999737145111700
13.999610489265100
15.999630581157900
15.999462115854300
16.000123447606299
16.001130110890699
16.001051856907299
15.995623670778601
15.973592749932500
15.869569065543100
15.645213641967800
15.065045808997599
14.323724735452201
13.445515482546501
12.602041264778700
11.785277338013600
10.955114634798200
10.073365411420699
9.143429160134239
8.291882263076809
7.471080868720870
6.585320500773840
5.527424546703940
4.775121254368590
2.463689914594520
4.245321260219770
2.210504325971640
4.090815417781030
2.097272142042980
4.053001740330040
2.052780404189120
4.031383049456690
2.021461006714320
2.000000000000000
4.000000000000000
4.000000000000000
2.000000000000000
6.000000000000000
8.000000000000000
10.000000000000000
12.000000000000000
14.000000000000000
16.000000000000000
0.000000000000000
0.000000000000000
0.000000000000000
0.000000000000000
0.000000000000000
0.000000000000000
0.000000000000000
0.000000000000000
0.000000000000000
0.000000000000000
0.000000000000000
0.000000000000000
0.000000000000000
0.000000000000000
0.000000000000000
0.000000000000000
0.000000000000000
0.000000000000000
0.000000000000000
0.000000000000000
0.000000000000000
0.000000000000000
0.000000000000000
0.000000000000000
0.000000000000000
0.000000000000000
18.000000000000000
18.000000000000000
18.000000000000000
18.000000000000000
18.000000000000000
18.000000000000000
18.000000000000000
18.000000000000000
18.000000000000000
18.000000000000000
17.142857142857100
16.285714285714299
15.428571428571400
14.571428571428600
13.714285714285699
12.857142857142900
12.000000000000000
11.142857142857100
10.285714285714301
9.428571428571431
8.571428571428569
7.714285714285710
6.857142857142860
6.000000000000000
6.000000000000000
6.000000000000000
6.000000000000000
6.000000000000000
10.165656542975100
10.092004893271399
8.218487107655550
8.533542852069999
9.232460989179360
10.256887177918800
10.060983256643000
8.110125511919691
11.931991724793701
12.003708458285899
11.793290725596400
11.466055840954199
8.058018085989110
10.037820977838500
8.030891660495771
10.023091406786200
8.016089964883831
10.012984992382901
10.005949548302100
8.007140402361429
6.533890743121840
7.268285912919830
6.260317192964470
6.126581022295090
6.062445618241970
6.031455433967750
6.015335387665630
6.006148944284030
12.007710676592600
12.003263641934099
12.012508301751300
12.014220798279799
10.667157375070699
9.531292378480231
8.674458457898879
6.552900563545850
7.973093013111550
6.074504859753500
7.300717885756130
5.671408891815320
6.493972783962830
5.383104794777490
8.001407226561589
6.000976238929580
10.000687320411600
12.000113810810401
3.995786265645320
4.827060392816060
3.939064840569600
4.094997207870770
4.332331529046330
4.511146958490580
4.376577360005130
4.206414040257930
4.104000629894540
4.051258108169330
4.025060659678090
4.011203598719250
4.003611145583380
4.000400885118550
14.001142762463100
14.000162100193201
14.003758581684499
14.004702933711700
14.000286327621900
13.974553341086301
13.853366669375600
13.631171445600900
13.142091168606800
12.416185652718699
11.511681323867800
10.627179548211901
9.869386459760131
9.088545016278800
8.205841204485621
7.126753589065370
6.296408920458870
4.257637524359310
5.569213578365980
3.812933450540880
4.739716424511130
3.533490705323840
2.075552187514790
2.976228903539520
1.997994467650120
2.113423523210470
2.224426850995400
2.056257301985540
1.999220881320280
2.062461880603650
2.166956635978510
2.238362522803000
2.188170301885160
2.109679893539730
2.056971633598290
2.028372793538160
2.013503387924860
2.004728185808420
2.001327615993680
1.999609728756780
3.999275190253380
1.999268247220560
5.999210887597160
7.999342363310220
9.999373769695071
11.999737145111700
13.999610489265100
15.999630581157900
15.999462115854300
16.000123447606299
16.001130110890699
16.001051856907299
15.995623670778601
15.973592749932500
15.869569065543100
15.645213641967800
15.065045808997599
14.323724735452201
13.445515482546501
12.602041264778700
11.785277338013600
10.955114634798200
10.073365411420699
9.143429160134239
8.291882263076809
7.471080868720870
6.585320500773840
5.527424546703940
4.775121254368590
2.463689914594520
4.245321260219770
2.210504325971640
4.090815417781030
2.097272142042980
4.053001740330040
2.052780404189120
4.031383049456690
2.021461006714320
2.000000000000000
4.000000000000000
4.000000000000000
2.000000000000000
6.000000000000000
8.000000000000000
10.000000000000000
12.000000000000000
14.000000000000000
16.000000000000000
0.000000000000000
0.000000000000000
0.000000000000000
0.000000000000000
0.000000000000000
0.000000000000000
0.000000000000000
0.000000000000000
0.000000000000000
0.000000000000000
0.000000000000000
0.000000000000000
0.000000000000000
0.000000000000000
0.000000000000000
0.000000000000000
0.000000000000000
0.000000000000000
0.000000000000000
0.000000000000000
0.000000000000000
0.000000000000000
0.000000000000000
0.000000000000000
0.000000000000000
0.000000000000000
18.000000000000000
18.000000000000000
18.000000000000000
18.000000000000000
18.000000000000000
18.000000000000000
18.000000000000000
18.000000000000000
18.000000000000000
18.000000000000000
17.142857142857100
16.285714285714299
15.428571428571400
14.571428571428600
13.714285714285699
12.857142857142900
12.000000000000000
11.142857142857100
10.285714285714301
9.428571428571431
8.571428571428569
7.714285714285710
6.857142857142860
6.000000000000000
6.000000000000000
6.000000000000000
6.000000000000000
6.000000000000000
10.165656542975100
10.092004893271399
8.218487107655550
8.533542852069999
9.232460989179360
10.256887177918800
10.060983256643000
8.110125511919691
11.931991724793701
12.003708458285899
11.793290725596400
11.466055840954199
8.058018085989110
10.037820977838500
8.030891660495771
10.023091406786200
8.016089964883831
10.012984992382901
10.005949548302100
8.007140402361429
6.533890743121840
7.268285912919830
6.260317192964470
6.126581022295090
6.062445618241970
6.031455433967750
6.015335387665630
6.006148944284030
12.007710676592600
12.003263641934099
12.012508301751300
12.014220798279799
10.667157375070699
9.531292378480231
8.674458457898879
6.552900563545850
7.973093013111550
6.074504859753500
7.300717885756130
5.671408891815320
6.493972783962830
5.383104794777490
8.001407226561589
6.000976238929580
10.000687320411600
12.000113810810401
3.995786265645320
4.827060392816060
3.939064840569600
4.094997207870770
4.332331529046330
4.511146958490580
4.376577360005130
4.206414040257930
4.104000629894540
4.051258108169330
4.025060659678090
4.011203598719250
4.003611145583380
4.000400885118550
14.001142762463100
14.000162100193201
14.003758581684499
14.004702933711700
14.000286327621900
13.974553341086301
13.853366669375600
13.631171445600900
13.142091168606800
12.416185652718699
11.511681323867800
10.627179548211901
9.869386459760131
9.088545016278800
8.205841204485621
7.126753589065370
6.296408920458870
4.257637524359310
5.569213578365980
3.812933450540880
4.739716424511130
3.533490705323840
2.075552187514790
2.976228903539520
1.997994467650120
2.113423523210470
2.224426850995400
2.056257301985540
1.999220881320280
2.062461880603650
2.166956635978510
2.238362522803000
2.188170301885160
2.109679893539730
2.056971633598290
2.028372793538160
2.013503387924860
2.004728185808420
2.001327615993680
1.999609728756780
3.999275190253380
1.999268247220560
5.999210887597160
7.999342363310220
9.999373769695071
11.999737145111700
13.999610489265100
15.999630581157900
15.999462115854300
16.000123447606299
16.001130110890699
16.001051856907299
15.995623670778601
15.973592749932500
15.869569065543100
15.645213641967800
15.065045808997599
14.323724735452201
13.445515482546501
12.602041264778700
11.785277338013600
10.955114634798200
10.073365411420699
9.143429160134239
8.291882263076809
7.471080868720870
6.585320500773840
5.527424546703940
4.775121254368590
2.463689914594520
4.245321260219770
2.210504325971640
4.090815417781030
2.097272142042980
4.053001740330040
2.052780404189120
4.031383049456690
2.021461006714320
2.000000000000000
4.000000000000000
4.000000000000000
2.000000000000000
6.000000000000000
8.000000000000000
10.000000000000000
12.000000000000000
14.000000000000000
16.000000000000000
0.000000000000000
0.000000000000000
0.000000000000000
0.000000000000000
0.000000000000000
0.000000000000000
0.000000000000000
0.000000000000000
0.000000000000000
0.000000000000000
0.000000000000000
0.000000000000000
0.000000000000000
0.000000000000000
0.000000000000000
0.000000000000000
0.000000000000000
0.000000000000000
0.000000000000000
0.000000000000000
0.000000000000000
0.000000000000000
0.000000000000000
0.000000000000000
0.000000000000000
0.000000000000000
18.000000000000000
18.000000000000000
18.000000000000000
18.000000000000000
18.000000000000000
18.000000000000000
18.000000000000000
18.000000000000000
18.000000000000000
18.000000000000000
17.142857142857100
16.285714285714299
15.428571428571400
14.571428571428600
13.714285714285699
12.857142857142900
12.000000000000000
11.142857142857100
10.285714285714301
9.428571428571431
8.571428571428569
7.714285714285710
6.857142857142860
6.000000000000000
6.000000000000000
6.000000000000000
6.000000000000000
6.000000000000000
10.165656542975100
10.092004893271399
8.218487107655550
8.533542852069999
9.232460989179360
10.256887177918800
10.060983256643000
8.110125511919691
11.931991724793701
12.003708458285899
11.793290725596400
11.466055840954199
8.058018085989110
10.037820977838500
8.030891660495771
10.023091406786200
8.016089964883831
10.012984992382901
10.005949548302100
8.007140402361429
6.533890743121840
7.268285912919830
6.260317192964470
6.126581022295090
6.062445618241970
6.031455433967750
6.015335387665630
6.006148944284030
12.007710676592600
12.003263641934099
12.012508301751300
12.014220798279799
10.667157375070699
9.531292378480231
8.674458457898879
6.552900563545850
7.973093013111550
6.074504859753500
7.300717885756130
5.671408891815320
6.493972783962830
5.383104794777490
8.001407226561589
6.000976238929580
10.000687320411600
12.000113810810401
3.995786265645320
4.827060392816060
3.939064840569600
4.094997207870770
4.332331529046330
4.511146958490580
4.376577360005130
4.206414040257930
4.104000629894540
4.051258108169330
4.025060659678090
4.011203598719250
4.003611145583380
4.000400885118550
14.001142762463100
14.000162100193201
14.003758581684499
14.004702933711700
14.000286327621900
13.974553341086301
13.853366669375600
13.631171445600900
13.142091168606800
12.416185652718699
11.511681323867800
10.627179548211901
9.869386459760131
9.088545016278800
8.205841204485621
7.126753589065370
6.296408920458870
4.257637524359310
5.569213578365980
3.812933450540880
4.739716424511130
3.533490705323840
2.075552187514790
2.976228903539520
1.997994467650120
2.113423523210470
2.224426850995400
2.056257301985540
1.999220881320280
2.062461880603650
2.166956635978510
2.238362522803000
2.188170301885160
2.109679893539730
2.056971633598290
2.028372793538160
2.013503387924860
2.004728185808420
2.001327615993680
1.999609728756780
3.999275190253380
1.999268247220560
5.999210887597160
7.999342363310220
9.999373769695071
11.999737145111700
13.999610489265100
15.999630581157900
15.999462115854300
16.000123447606299
16.001130110890699
16.001051856907299
15.995623670778601
15.973592749932500
15.869569065543100
15.645213641967800
15.065045808997599
14.323724735452201
13.445515482546501
12.602041264778700
11.785277338013600
10.955114634798200
10.073365411420699
9.143429160134239
8.291882263076809
7.471080868720870
6.585320500773840
5.527424546703940
4.775121254368590
2.463689914594520
4.245321260219770
2.210504325971640
4.090815417781030
2.097272142042980
4.053001740330040
2.052780404189120
4.031383049456690
2.021461006714320
2.000000000000000
4.000000000000000
4.000000000000000
2.000000000000000
6.000000000000000
8.000000000000000
10.000000000000000
12.000000000000000
14.000000000000000
16.000000000000000
0.000000000000000
0.000000000000000
0.000000000000000
0.000000000000000
0.000000000000000
0.000000000000000
0.000000000000000
0.000000000000000
0.000000000000000
0.000000000000000
0.000000000000000
0.000000000000000
0.000000000000000
0.000000000000000
0.000000000000000
0.000000000000000
0.000000000000000
0.000000000000000
0.000000000000000
0.000000000000000
0.000000000000000
0.000000000000000
0.000000000000000
0.000000000000000
0.000000000000000
0.000000000000000
18.000000000000000
18.000000000000000
18.000000000000000
18.000000000000000
18.000000000000000
18.000000000000000
18.000000000000000
18.000000000000000
18.000000000000000
18.000000000000000
17.142857142857100
16.285714285714299
15.428571428571400
14.571428571428600
13.714285714285699
12.857142857142900
12.000000000000000
11.142857142857100
10.285714285714301
9.428571428571431
8.571428571428569
7.714285714285710
6.857142857142860
6.000000000000000
6.000000000000000
6.000000000000000
6.000000000000000
6.000000000000000
