1690
1 2 3 4 5 6 7 8 
4 9 10 1 8 11 12 5 
3 2 13 14 7 6 15 16 
2 17 18 13 6 19 20 15 
1 21 17 2 5 22 19 6 
10 23 21 1 12 24 22 5 
25 14 13 26 27 16 15 28 
29 25 26 30 31 27 28 32 
33 29 30 34 35 31 32 36 
37 38 33 34 39 40 35 36 
41 42 9 4 43 44 11 8 
45 41 4 3 46 43 8 7 
47 45 3 14 48 46 7 16 
49 47 14 25 50 48 16 27 
51 49 25 29 52 50 27 31 
53 51 29 33 54 52 31 35 
55 53 33 38 56 54 35 40 
57 58 37 34 59 60 39 36 
61 57 34 30 62 59 36 32 
63 61 30 26 64 62 32 28 
18 63 26 13 20 64 28 15 
65 23 10 9 66 24 12 11 
67 65 9 42 68 66 11 44 
69 67 42 70 71 68 44 72 
73 69 70 74 75 71 72 76 
77 73 74 78 79 75 76 80 
81 77 78 82 83 79 80 84 
85 86 55 38 87 88 56 40 
89 85 38 37 90 87 40 39 
91 89 37 58 92 90 39 60 
93 94 81 82 95 96 83 84 
97 93 82 78 98 95 84 80 
99 97 78 74 100 98 80 76 
101 99 74 70 102 100 76 72 
103 101 70 42 104 102 72 44 
105 103 42 41 106 104 44 43 
107 105 41 45 108 106 43 46 
109 107 45 47 110 108 46 48 
111 109 47 49 112 110 48 50 
113 111 49 51 114 112 50 52 
115 113 51 53 116 114 52 54 
117 115 53 55 118 116 54 56 
119 117 55 86 120 118 56 88 
121 122 91 58 123 124 92 60 
125 121 58 57 126 123 60 59 
127 125 57 61 128 126 59 62 
129 127 61 63 130 128 62 64 
131 129 63 18 132 130 64 20 
133 131 18 17 134 132 20 19 
135 133 17 21 136 134 19 22 
137 135 21 23 138 136 22 24 
139 137 23 65 140 138 24 66 
141 139 65 67 142 140 66 68 
143 141 67 69 144 142 68 71 
145 143 69 73 146 144 71 75 
147 145 73 77 148 146 75 79 
149 147 77 81 150 148 79 83 
151 149 81 94 152 150 83 96 
153 151 94 154 155 152 96 156 
157 153 154 158 159 155 156 160 
161 157 158 162 163 159 160 164 
165 166 161 162 167 168 163 164 
169 165 162 158 170 167 164 160 
171 169 158 154 172 170 160 156 
173 171 154 94 174 172 156 96 
175 173 94 93 176 174 96 95 
177 175 93 97 178 176 95 98 
179 177 97 99 180 178 98 100 
181 179 99 101 182 180 100 102 
183 181 101 103 184 182 102 104 
185 183 103 105 186 184 104 106 
187 185 105 107 188 186 106 108 
189 187 107 109 190 188 108 110 
191 189 109 111 192 190 110 112 
193 191 111 113 194 192 112 114 
195 193 113 115 196 194 114 116 
197 195 115 117 198 196 116 118 
199 197 117 119 200 198 118 120 
201 202 199 119 203 204 200 120 
205 201 119 86 206 203 120 88 
207 205 86 85 208 206 88 87 
209 207 85 89 210 208 87 90 
211 209 89 91 212 210 90 92 
213 211 91 122 214 212 92 124 
215 216 213 122 217 218 214 124 
219 215 122 121 220 217 124 123 
221 219 121 125 222 220 123 126 
223 221 125 127 224 222 126 128 
225 223 127 129 226 224 128 130 
227 225 129 131 228 226 130 132 
229 227 131 133 230 228 132 134 
231 229 133 135 232 230 134 136 
233 231 135 137 234 232 136 138 
235 233 137 139 236 234 138 140 
237 235 139 141 238 236 140 142 
239 237 141 143 240 238 142 144 
241 239 143 145 242 240 144 146 
243 241 145 147 244 242 146 148 
245 243 147 149 246 244 148 150 
247 245 149 151 248 246 150 152 
249 247 151 153 250 248 152 155 
251 249 153 157 252 250 155 159 
253 251 157 161 254 252 159 163 
255 253 161 166 256 254 163 168 
257 255 166 258 259 256 168 260 
261 257 258 262 263 259 260 264 
265 261 262 266 267 263 264 268 
269 265 266 270 271 267 268 272 
273 269 270 274 275 271 272 276 
277 278 273 274 279 280 275 276 
281 282 202 201 283 284 204 203 
285 281 201 205 286 283 203 206 
287 285 205 207 288 286 206 208 
289 287 207 209 290 288 208 210 
291 289 209 211 292 290 210 212 
293 291 211 213 294 292 212 214 
295 293 213 216 296 294 214 218 
297 298 277 274 299 300 279 276 
301 297 274 270 302 299 276 272 
303 301 270 266 304 302 272 268 
305 303 266 262 306 304 268 264 
307 305 262 258 308 306 264 260 
309 307 258 166 310 308 260 168 
311 309 166 165 312 310 168 167 
313 311 165 169 314 312 167 170 
315 313 169 171 316 314 170 172 
317 315 171 173 318 316 172 174 
319 317 173 175 320 318 174 176 
321 319 175 177 322 320 176 178 
323 321 177 179 324 322 178 180 
325 323 179 181 326 324 180 182 
327 325 181 183 328 326 182 184 
329 327 183 185 330 328 184 186 
331 329 185 187 332 330 186 188 
333 331 187 189 334 332 188 190 
335 333 189 191 336 334 190 192 
337 335 191 193 338 336 192 194 
339 337 193 195 340 338 194 196 
341 339 195 197 342 340 196 198 
343 341 197 199 344 342 198 200 
345 343 199 202 346 344 200 204 
347 345 202 282 348 346 204 284 
349 350 295 216 351 352 296 218 
353 349 216 215 354 351 218 217 
355 353 215 219 356 354 217 220 
357 355 219 221 358 356 220 222 
359 357 221 223 360 358 222 224 
361 359 223 225 362 360 224 226 
363 361 225 227 364 362 226 228 
365 363 227 229 366 364 228 230 
367 365 229 231 368 366 230 232 
369 367 231 233 370 368 232 234 
371 369 233 235 372 370 234 236 
373 371 235 237 374 372 236 238 
375 373 237 239 376 374 238 240 
377 375 239 241 378 376 240 242 
379 377 241 243 380 378 242 244 
381 379 243 245 382 380 244 246 
383 381 245 247 384 382 246 248 
385 383 247 249 386 384 248 250 
387 385 249 251 388 386 250 252 
389 387 251 253 390 388 252 254 
391 389 253 255 392 390 254 256 
393 391 255 257 394 392 256 259 
395 393 257 261 396 394 259 263 
397 395 261 265 398 396 263 267 
399 397 265 269 400 398 267 271 
401 399 269 273 402 400 271 275 
403 401 273 278 404 402 275 280 
405 406 407 408 1 2 3 4 
408 409 410 405 4 9 10 1 
407 406 411 412 3 2 13 14 
406 413 414 411 2 17 18 13 
405 415 413 406 1 21 17 2 
410 416 415 405 10 23 21 1 
417 412 411 418 25 14 13 26 
419 417 418 420 29 25 26 30 
421 419 420 422 33 29 30 34 
423 424 421 422 37 38 33 34 
425 426 409 408 41 42 9 4 
427 425 408 407 45 41 4 3 
428 427 407 412 47 45 3 14 
429 428 412 417 49 47 14 25 
430 429 417 419 51 49 25 29 
431 430 419 421 53 51 29 33 
432 431 421 424 55 53 33 38 
433 434 423 422 57 58 37 34 
435 433 422 420 61 57 34 30 
436 435 420 418 63 61 30 26 
414 436 418 411 18 63 26 13 
437 416 410 409 65 23 10 9 
438 437 409 426 67 65 9 42 
439 438 426 440 69 67 42 70 
441 439 440 442 73 69 70 74 
443 441 442 444 77 73 74 78 
445 443 444 446 81 77 78 82 
447 448 432 424 85 86 55 38 
449 447 424 423 89 85 38 37 
450 449 423 434 91 89 37 58 
451 452 445 446 93 94 81 82 
453 451 446 444 97 93 82 78 
454 453 444 442 99 97 78 74 
455 454 442 440 101 99 74 70 
456 455 440 426 103 101 70 42 
457 456 426 425 105 103 42 41 
458 457 425 427 107 105 41 45 
459 458 427 428 109 107 45 47 
460 459 428 429 111 109 47 49 
461 460 429 430 113 111 49 51 
462 461 430 431 115 113 51 53 
463 462 431 432 117 115 53 55 
464 463 432 448 119 117 55 86 
465 466 450 434 121 122 91 58 
467 465 434 433 125 121 58 57 
468 467 433 435 127 125 57 61 
469 468 435 436 129 127 61 63 
470 469 436 414 131 129 63 18 
471 470 414 413 133 131 18 17 
472 471 413 415 135 133 17 21 
473 472 415 416 137 135 21 23 
474 473 416 437 139 137 23 65 
475 474 437 438 141 139 65 67 
476 475 438 439 143 141 67 69 
477 476 439 441 145 143 69 73 
478 477 441 443 147 145 73 77 
479 478 443 445 149 147 77 81 
480 479 445 452 151 149 81 94 
481 480 452 482 153 151 94 154 
483 481 482 484 157 153 154 158 
485 483 484 486 161 157 158 162 
487 488 485 486 165 166 161 162 
489 487 486 484 169 165 162 158 
490 489 484 482 171 169 158 154 
491 490 482 452 173 171 154 94 
492 491 452 451 175 173 94 93 
493 492 451 453 177 175 93 97 
494 493 453 454 179 177 97 99 
495 494 454 455 181 179 99 101 
496 495 455 456 183 181 101 103 
497 496 456 457 185 183 103 105 
498 497 457 458 187 185 105 107 
499 498 458 459 189 187 107 109 
500 499 459 460 191 189 109 111 
501 500 460 461 193 191 111 113 
502 501 461 462 195 193 113 115 
503 502 462 463 197 195 115 117 
504 503 463 464 199 197 117 119 
505 506 504 464 201 202 199 119 
507 505 464 448 205 201 119 86 
508 507 448 447 207 205 86 85 
509 508 447 449 209 207 85 89 
510 509 449 450 211 209 89 91 
511 510 450 466 213 211 91 122 
512 513 511 466 215 216 213 122 
514 512 466 465 219 215 122 121 
515 514 465 467 221 219 121 125 
516 515 467 468 223 221 125 127 
517 516 468 469 225 223 127 129 
518 517 469 470 227 225 129 131 
519 518 470 471 229 227 131 133 
520 519 471 472 231 229 133 135 
521 520 472 473 233 231 135 137 
522 521 473 474 235 233 137 139 
523 522 474 475 237 235 139 141 
524 523 475 476 239 237 141 143 
525 524 476 477 241 239 143 145 
526 525 477 478 243 241 145 147 
527 526 478 479 245 243 147 149 
528 527 479 480 247 245 149 151 
529 528 480 481 249 247 151 153 
530 529 481 483 251 249 153 157 
531 530 483 485 253 251 157 161 
532 531 485 488 255 253 161 166 
533 532 488 534 257 255 166 258 
535 533 534 536 261 257 258 262 
537 535 536 538 265 261 262 266 
539 537 538 540 269 265 266 270 
541 539 540 542 273 269 270 274 
543 544 541 542 277 278 273 274 
545 546 506 505 281 282 202 201 
547 545 505 507 285 281 201 205 
548 547 507 508 287 285 205 207 
549 548 508 509 289 287 207 209 
550 549 509 510 291 289 209 211 
551 550 510 511 293 291 211 213 
552 551 511 513 295 293 213 216 
553 554 543 542 297 298 277 274 
555 553 542 540 301 297 274 270 
556 555 540 538 303 301 270 266 
557 556 538 536 305 303 266 262 
558 557 536 534 307 305 262 258 
559 558 534 488 309 307 258 166 
560 559 488 487 311 309 166 165 
561 560 487 489 313 311 165 169 
562 561 489 490 315 313 169 171 
563 562 490 491 317 315 171 173 
564 563 491 492 319 317 173 175 
565 564 492 493 321 319 175 177 
566 565 493 494 323 321 177 179 
567 566 494 495 325 323 179 181 
568 567 495 496 327 325 181 183 
569 568 496 497 329 327 183 185 
570 569 497 498 331 329 185 187 
571 570 498 499 333 331 187 189 
572 571 499 500 335 333 189 191 
573 572 500 501 337 335 191 193 
574 573 501 502 339 337 193 195 
575 574 502 503 341 339 195 197 
576 575 503 504 343 341 197 199 
577 576 504 506 345 343 199 202 
578 577 506 546 347 345 202 282 
579 580 552 513 349 350 295 216 
581 579 513 512 353 349 216 215 
582 581 512 514 355 353 215 219 
583 582 514 515 357 355 219 221 
584 583 515 516 359 357 221 223 
585 584 516 517 361 359 223 225 
586 585 517 518 363 361 225 227 
587 586 518 519 365 363 227 229 
588 587 519 520 367 365 229 231 
589 588 520 521 369 367 231 233 
590 589 521 522 371 369 233 235 
591 590 522 523 373 371 235 237 
592 591 523 524 375 373 237 239 
593 592 524 525 377 375 239 241 
594 593 525 526 379 377 241 243 
595 594 526 527 381 379 243 245 
596 595 527 528 383 381 245 247 
597 596 528 529 385 383 247 249 
598 597 529 530 387 385 249 251 
599 598 530 531 389 387 251 253 
600 599 531 532 391 389 253 255 
601 600 532 533 393 391 255 257 
602 601 533 535 395 393 257 261 
603 602 535 537 397 395 261 265 
604 603 537 539 399 397 265 269 
605 604 539 541 401 399 269 273 
606 605 541 544 403 401 273 278 
607 608 609 610 405 406 407 408 
610 611 612 607 408 409 410 405 
609 608 613 614 407 406 411 412 
608 615 616 613 406 413 414 411 
607 617 615 608 405 415 413 406 
612 618 617 607 410 416 415 405 
619 614 613 620 417 412 411 418 
621 619 620 622 419 417 418 420 
623 621 622 624 421 419 420 422 
625 626 623 624 423 424 421 422 
627 628 611 610 425 426 409 408 
629 627 610 609 427 425 408 407 
630 629 609 614 428 427 407 412 
631 630 614 619 429 428 412 417 
632 631 619 621 430 429 417 419 
633 632 621 623 431 430 419 421 
634 633 623 626 432 431 421 424 
635 636 625 624 433 434 423 422 
637 635 624 622 435 433 422 420 
638 637 622 620 436 435 420 418 
616 638 620 613 414 436 418 411 
639 618 612 611 437 416 410 409 
640 639 611 628 438 437 409 426 
641 640 628 642 439 438 426 440 
643 641 642 644 441 439 440 442 
645 643 644 646 443 441 442 444 
647 645 646 648 445 443 444 446 
649 650 634 626 447 448 432 424 
651 649 626 625 449 447 424 423 
652 651 625 636 450 449 423 434 
653 654 647 648 451 452 445 446 
655 653 648 646 453 451 446 444 
656 655 646 644 454 453 444 442 
657 656 644 642 455 454 442 440 
658 657 642 628 456 455 440 426 
659 658 628 627 457 456 426 425 
660 659 627 629 458 457 425 427 
661 660 629 630 459 458 427 428 
662 661 630 631 460 459 428 429 
663 662 631 632 461 460 429 430 
664 663 632 633 462 461 430 431 
665 664 633 634 463 462 431 432 
666 665 634 650 464 463 432 448 
667 668 652 636 465 466 450 434 
669 667 636 635 467 465 434 433 
670 669 635 637 468 467 433 435 
671 670 637 638 469 468 435 436 
672 671 638 616 470 469 436 414 
673 672 616 615 471 470 414 413 
674 673 615 617 472 471 413 415 
675 674 617 618 473 472 415 416 
676 675 618 639 474 473 416 437 
677 676 639 640 475 474 437 438 
678 677 640 641 476 475 438 439 
679 678 641 643 477 476 439 441 
680 679 643 645 478 477 441 443 
681 680 645 647 479 478 443 445 
682 681 647 654 480 479 445 452 
683 682 654 684 481 480 452 482 
685 683 684 686 483 481 482 484 
687 685 686 688 485 483 484 486 
689 690 687 688 487 488 485 486 
691 689 688 686 489 487 486 484 
692 691 686 684 490 489 484 482 
693 692 684 654 491 490 482 452 
694 693 654 653 492 491 452 451 
695 694 653 655 493 492 451 453 
696 695 655 656 494 493 453 454 
697 696 656 657 495 494 454 455 
698 697 657 658 496 495 455 456 
699 698 658 659 497 496 456 457 
700 699 659 660 498 497 457 458 
701 700 660 661 499 498 458 459 
702 701 661 662 500 499 459 460 
703 702 662 663 501 500 460 461 
704 703 663 664 502 501 461 462 
705 704 664 665 503 502 462 463 
706 705 665 666 504 503 463 464 
707 708 706 666 505 506 504 464 
709 707 666 650 507 505 464 448 
710 709 650 649 508 507 448 447 
711 710 649 651 509 508 447 449 
712 711 651 652 510 509 449 450 
713 712 652 668 511 510 450 466 
714 715 713 668 512 513 511 466 
716 714 668 667 514 512 466 465 
717 716 667 669 515 514 465 467 
718 717 669 670 516 515 467 468 
719 718 670 671 517 516 468 469 
720 719 671 672 518 517 469 470 
721 720 672 673 519 518 470 471 
722 721 673 674 520 519 471 472 
723 722 674 675 521 520 472 473 
724 723 675 676 522 521 473 474 
725 724 676 677 523 522 474 475 
726 725 677 678 524 523 475 476 
727 726 678 679 525 524 476 477 
728 727 679 680 526 525 477 478 
729 728 680 681 527 526 478 479 
730 729 681 682 528 527 479 480 
731 730 682 683 529 528 480 481 
732 731 683 685 530 529 481 483 
733 732 685 687 531 530 483 485 
734 733 687 690 532 531 485 488 
735 734 690 736 533 532 488 534 
737 735 736 738 535 533 534 536 
739 737 738 740 537 535 536 538 
741 739 740 742 539 537 538 540 
743 741 742 744 541 539 540 542 
745 746 743 744 543 544 541 542 
747 748 708 707 545 546 506 505 
749 747 707 709 547 545 505 507 
750 749 709 710 548 547 507 508 
751 750 710 711 549 548 508 509 
752 751 711 712 550 549 509 510 
753 752 712 713 551 550 510 511 
754 753 713 715 552 551 511 513 
755 756 745 744 553 554 543 542 
757 755 744 742 555 553 542 540 
758 757 742 740 556 555 540 538 
759 758 740 738 557 556 538 536 
760 759 738 736 558 557 536 534 
761 760 736 690 559 558 534 488 
762 761 690 689 560 559 488 487 
763 762 689 691 561 560 487 489 
764 763 691 692 562 561 489 490 
765 764 692 693 563 562 490 491 
766 765 693 694 564 563 491 492 
767 766 694 695 565 564 492 493 
768 767 695 696 566 565 493 494 
769 768 696 697 567 566 494 495 
770 769 697 698 568 567 495 496 
771 770 698 699 569 568 496 497 
772 771 699 700 570 569 497 498 
773 772 700 701 571 570 498 499 
774 773 701 702 572 571 499 500 
775 774 702 703 573 572 500 501 
776 775 703 704 574 573 501 502 
777 776 704 705 575 574 502 503 
778 777 705 706 576 575 503 504 
779 778 706 708 577 576 504 506 
780 779 708 748 578 577 506 546 
781 782 754 715 579 580 552 513 
783 781 715 714 581 579 513 512 
784 783 714 716 582 581 512 514 
785 784 716 717 583 582 514 515 
786 785 717 718 584 583 515 516 
787 786 718 719 585 584 516 517 
788 787 719 720 586 585 517 518 
789 788 720 721 587 586 518 519 
790 789 721 722 588 587 519 520 
791 790 722 723 589 588 520 521 
792 791 723 724 590 589 521 522 
793 792 724 725 591 590 522 523 
794 793 725 726 592 591 523 524 
795 794 726 727 593 592 524 525 
796 795 727 728 594 593 525 526 
797 796 728 729 595 594 526 527 
798 797 729 730 596 595 527 528 
799 798 730 731 597 596 528 529 
800 799 731 732 598 597 529 530 
801 800 732 733 599 598 530 531 
802 801 733 734 600 599 531 532 
803 802 734 735 601 600 532 533 
804 803 735 737 602 601 533 535 
805 804 737 739 603 602 535 537 
806 805 739 741 604 603 537 539 
807 806 741 743 605 604 539 541 
808 807 743 746 606 605 541 544 
809 810 811 812 607 608 609 610 
812 813 814 809 610 611 612 607 
811 810 815 816 609 608 613 614 
810 817 818 815 608 615 616 613 
809 819 817 810 607 617 615 608 
814 820 819 809 612 618 617 607 
821 816 815 822 619 614 613 620 
823 821 822 824 621 619 620 622 
825 823 824 826 623 621 622 624 
827 828 825 826 625 626 623 624 
829 830 813 812 627 628 611 610 
831 829 812 811 629 627 610 609 
832 831 811 816 630 629 609 614 
833 832 816 821 631 630 614 619 
834 833 821 823 632 631 619 621 
835 834 823 825 633 632 621 623 
836 835 825 828 634 633 623 626 
837 838 827 826 635 636 625 624 
839 837 826 824 637 635 624 622 
840 839 824 822 638 637 622 620 
818 840 822 815 616 638 620 613 
841 820 814 813 639 618 612 611 
842 841 813 830 640 639 611 628 
843 842 830 844 641 640 628 642 
845 843 844 846 643 641 642 644 
847 845 846 848 645 643 644 646 
849 847 848 850 647 645 646 648 
851 852 836 828 649 650 634 626 
853 851 828 827 651 649 626 625 
854 853 827 838 652 651 625 636 
855 856 849 850 653 654 647 648 
857 855 850 848 655 653 648 646 
858 857 848 846 656 655 646 644 
859 858 846 844 657 656 644 642 
860 859 844 830 658 657 642 628 
861 860 830 829 659 658 628 627 
862 861 829 831 660 659 627 629 
863 862 831 832 661 660 629 630 
864 863 832 833 662 661 630 631 
865 864 833 834 663 662 631 632 
866 865 834 835 664 663 632 633 
867 866 835 836 665 664 633 634 
868 867 836 852 666 665 634 650 
869 870 854 838 667 668 652 636 
871 869 838 837 669 667 636 635 
872 871 837 839 670 669 635 637 
873 872 839 840 671 670 637 638 
874 873 840 818 672 671 638 616 
875 874 818 817 673 672 616 615 
876 875 817 819 674 673 615 617 
877 876 819 820 675 674 617 618 
878 877 820 841 676 675 618 639 
879 878 841 842 677 676 639 640 
880 879 842 843 678 677 640 641 
881 880 843 845 679 678 641 643 
882 881 845 847 680 679 643 645 
883 882 847 849 681 680 645 647 
884 883 849 856 682 681 647 654 
885 884 856 886 683 682 654 684 
887 885 886 888 685 683 684 686 
889 887 888 890 687 685 686 688 
891 892 889 890 689 690 687 688 
893 891 890 888 691 689 688 686 
894 893 888 886 692 691 686 684 
895 894 886 856 693 692 684 654 
896 895 856 855 694 693 654 653 
897 896 855 857 695 694 653 655 
898 897 857 858 696 695 655 656 
899 898 858 859 697 696 656 657 
900 899 859 860 698 697 657 658 
901 900 860 861 699 698 658 659 
902 901 861 862 700 699 659 660 
903 902 862 863 701 700 660 661 
904 903 863 864 702 701 661 662 
905 904 864 865 703 702 662 663 
906 905 865 866 704 703 663 664 
907 906 866 867 705 704 664 665 
908 907 867 868 706 705 665 666 
909 910 908 868 707 708 706 666 
911 909 868 852 709 707 666 650 
912 911 852 851 710 709 650 649 
913 912 851 853 711 710 649 651 
914 913 853 854 712 711 651 652 
915 914 854 870 713 712 652 668 
916 917 915 870 714 715 713 668 
918 916 870 869 716 714 668 667 
919 918 869 871 717 716 667 669 
920 919 871 872 718 717 669 670 
921 920 872 873 719 718 670 671 
922 921 873 874 720 719 671 672 
923 922 874 875 721 720 672 673 
924 923 875 876 722 721 673 674 
925 924 876 877 723 722 674 675 
926 925 877 878 724 723 675 676 
927 926 878 879 725 724 676 677 
928 927 879 880 726 725 677 678 
929 928 880 881 727 726 678 679 
930 929 881 882 728 727 679 680 
931 930 882 883 729 728 680 681 
932 931 883 884 730 729 681 682 
933 932 884 885 731 730 682 683 
934 933 885 887 732 731 683 685 
935 934 887 889 733 732 685 687 
936 935 889 892 734 733 687 690 
937 936 892 938 735 734 690 736 
939 937 938 940 737 735 736 738 
941 939 940 942 739 737 738 740 
943 941 942 944 741 739 740 742 
945 943 944 946 743 741 742 744 
947 948 945 946 745 746 743 744 
949 950 910 909 747 748 708 707 
951 949 909 911 749 747 707 709 
952 951 911 912 750 749 709 710 
953 952 912 913 751 750 710 711 
954 953 913 914 752 751 711 712 
955 954 914 915 753 752 712 713 
956 955 915 917 754 753 713 715 
957 958 947 946 755 756 745 744 
959 957 946 944 757 755 744 742 
960 959 944 942 758 757 742 740 
961 960 942 940 759 758 740 738 
962 961 940 938 760 759 738 736 
963 962 938 892 761 760 736 690 
964 963 892 891 762 761 690 689 
965 964 891 893 763 762 689 691 
966 965 893 894 764 763 691 692 
967 966 894 895 765 764 692 693 
968 967 895 896 766 765 693 694 
969 968 896 897 767 766 694 695 
970 969 897 898 768 767 695 696 
971 970 898 899 769 768 696 697 
972 971 899 900 770 769 697 698 
973 972 900 901 771 770 698 699 
974 973 901 902 772 771 699 700 
975 974 902 903 773 772 700 701 
976 975 903 904 774 773 701 702 
977 976 904 905 775 774 702 703 
978 977 905 906 776 775 703 704 
979 978 906 907 777 776 704 705 
980 979 907 908 778 777 705 706 
981 980 908 910 779 778 706 708 
982 981 910 950 780 779 708 748 
983 984 956 917 781 782 754 715 
985 983 917 916 783 781 715 714 
986 985 916 918 784 783 714 716 
987 986 918 919 785 784 716 717 
988 987 919 920 786 785 717 718 
989 988 920 921 787 786 718 719 
990 989 921 922 788 787 719 720 
991 990 922 923 789 788 720 721 
992 991 923 924 790 789 721 722 
993 992 924 925 791 790 722 723 
994 993 925 926 792 791 723 724 
995 994 926 927 793 792 724 725 
996 995 927 928 794 793 725 726 
997 996 928 929 795 794 726 727 
998 997 929 930 796 795 727 728 
999 998 930 931 797 796 728 729 
1000 999 931 932 798 797 729 730 
1001 1000 932 933 799 798 730 731 
1002 1001 933 934 800 799 731 732 
1003 1002 934 935 801 800 732 733 
1004 1003 935 936 802 801 733 734 
1005 1004 936 937 803 802 734 735 
1006 1005 937 939 804 803 735 737 
1007 1006 939 941 805 804 737 739 
1008 1007 941 943 806 805 739 741 
1009 1008 943 945 807 806 741 743 
1010 1009 945 948 808 807 743 746 
1011 1012 1013 1014 809 810 811 812 
1014 1015 1016 1011 812 813 814 809 
1013 1012 1017 1018 811 810 815 816 
1012 1019 1020 1017 810 817 818 815 
1011 1021 1019 1012 809 819 817 810 
1016 1022 1021 1011 814 820 819 809 
1023 1018 1017 1024 821 816 815 822 
1025 1023 1024 1026 823 821 822 824 
1027 1025 1026 1028 825 823 824 826 
1029 1030 1027 1028 827 828 825 826 
1031 1032 1015 1014 829 830 813 812 
1033 1031 1014 1013 831 829 812 811 
1034 1033 1013 1018 832 831 811 816 
1035 1034 1018 1023 833 832 816 821 
1036 1035 1023 1025 834 833 821 823 
1037 1036 1025 1027 835 834 823 825 
1038 1037 1027 1030 836 835 825 828 
1039 1040 1029 1028 837 838 827 826 
1041 1039 1028 1026 839 837 826 824 
1042 1041 1026 1024 840 839 824 822 
1020 1042 1024 1017 818 840 822 815 
1043 1022 1016 1015 841 820 814 813 
1044 1043 1015 1032 842 841 813 830 
1045 1044 1032 1046 843 842 830 844 
1047 1045 1046 1048 845 843 844 846 
1049 1047 1048 1050 847 845 846 848 
1051 1049 1050 1052 849 847 848 850 
1053 1054 1038 1030 851 852 836 828 
1055 1053 1030 1029 853 851 828 827 
1056 1055 1029 1040 854 853 827 838 
1057 1058 1051 1052 855 856 849 850 
1059 1057 1052 1050 857 855 850 848 
1060 1059 1050 1048 858 857 848 846 
1061 1060 1048 1046 859 858 846 844 
1062 1061 1046 1032 860 859 844 830 
1063 1062 1032 1031 861 860 830 829 
1064 1063 1031 1033 862 861 829 831 
1065 1064 1033 1034 863 862 831 832 
1066 1065 1034 1035 864 863 832 833 
1067 1066 1035 1036 865 864 833 834 
1068 1067 1036 1037 866 865 834 835 
1069 1068 1037 1038 867 866 835 836 
1070 1069 1038 1054 868 867 836 852 
1071 1072 1056 1040 869 870 854 838 
1073 1071 1040 1039 871 869 838 837 
1074 1073 1039 1041 872 871 837 839 
1075 1074 1041 1042 873 872 839 840 
1076 1075 1042 1020 874 873 840 818 
1077 1076 1020 1019 875 874 818 817 
1078 1077 1019 1021 876 875 817 819 
1079 1078 1021 1022 877 876 819 820 
1080 1079 1022 1043 878 877 820 841 
1081 1080 1043 1044 879 878 841 842 
1082 1081 1044 1045 880 879 842 843 
1083 1082 1045 1047 881 880 843 845 
1084 1083 1047 1049 882 881 845 847 
1085 1084 1049 1051 883 882 847 849 
1086 1085 1051 1058 884 883 849 856 
1087 1086 1058 1088 885 884 856 886 
1089 1087 1088 1090 887 885 886 888 
1091 1089 1090 1092 889 887 888 890 
1093 1094 1091 1092 891 892 889 890 
1095 1093 1092 1090 893 891 890 888 
1096 1095 1090 1088 894 893 888 886 
1097 1096 1088 1058 895 894 886 856 
1098 1097 1058 1057 896 895 856 855 
1099 1098 1057 1059 897 896 855 857 
1100 1099 1059 1060 898 897 857 858 
1101 1100 1060 1061 899 898 858 859 
1102 1101 1061 1062 900 899 859 860 
1103 1102 1062 1063 901 900 860 861 
1104 1103 1063 1064 902 901 861 862 
1105 1104 1064 1065 903 902 862 863 
1106 1105 1065 1066 904 903 863 864 
1107 1106 1066 1067 905 904 864 865 
1108 1107 1067 1068 906 905 865 866 
1109 1108 1068 1069 907 906 866 867 
1110 1109 1069 1070 908 907 867 868 
1111 1112 1110 1070 909 910 908 868 
1113 1111 1070 1054 911 909 868 852 
1114 1113 1054 1053 912 911 852 851 
1115 1114 1053 1055 913 912 851 853 
1116 1115 1055 1056 914 913 853 854 
1117 1116 1056 1072 915 914 854 870 
1118 1119 1117 1072 916 917 915 870 
1120 1118 1072 1071 918 916 870 869 
1121 1120 1071 1073 919 918 869 871 
1122 1121 1073 1074 920 919 871 872 
1123 1122 1074 1075 921 920 872 873 
1124 1123 1075 1076 922 921 873 874 
1125 1124 1076 1077 923 922 874 875 
1126 1125 1077 1078 924 923 875 876 
1127 1126 1078 1079 925 924 876 877 
1128 1127 1079 1080 926 925 877 878 
1129 1128 1080 1081 927 926 878 879 
1130 1129 1081 1082 928 927 879 880 
1131 1130 1082 1083 929 928 880 881 
1132 1131 1083 1084 930 929 881 882 
1133 1132 1084 1085 931 930 882 883 
1134 1133 1085 1086 932 931 883 884 
1135 1134 1086 1087 933 932 884 885 
1136 1135 1087 1089 934 933 885 887 
1137 1136 1089 1091 935 934 887 889 
1138 1137 1091 1094 936 935 889 892 
1139 1138 1094 1140 937 936 892 938 
1141 1139 1140 1142 939 937 938 940 
1143 1141 1142 1144 941 939 940 942 
1145 1143 1144 1146 943 941 942 944 
1147 1145 1146 1148 945 943 944 946 
1149 1150 1147 1148 947 948 945 946 
1151 1152 1112 1111 949 950 910 909 
1153 1151 1111 1113 951 949 909 911 
1154 1153 1113 1114 952 951 911 912 
1155 1154 1114 1115 953 952 912 913 
1156 1155 1115 1116 954 953 913 914 
1157 1156 1116 1117 955 954 914 915 
1158 1157 1117 1119 956 955 915 917 
1159 1160 1149 1148 957 958 947 946 
1161 1159 1148 1146 959 957 946 944 
1162 1161 1146 1144 960 959 944 942 
1163 1162 1144 1142 961 960 942 940 
1164 1163 1142 1140 962 961 940 938 
1165 1164 1140 1094 963 962 938 892 
1166 1165 1094 1093 964 963 892 891 
1167 1166 1093 1095 965 964 891 893 
1168 1167 1095 1096 966 965 893 894 
1169 1168 1096 1097 967 966 894 895 
1170 1169 1097 1098 968 967 895 896 
1171 1170 1098 1099 969 968 896 897 
1172 1171 1099 1100 970 969 897 898 
1173 1172 1100 1101 971 970 898 899 
1174 1173 1101 1102 972 971 899 900 
1175 1174 1102 1103 973 972 900 901 
1176 1175 1103 1104 974 973 901 902 
1177 1176 1104 1105 975 974 902 903 
1178 1177 1105 1106 976 975 903 904 
1179 1178 1106 1107 977 976 904 905 
1180 1179 1107 1108 978 977 905 906 
1181 1180 1108 1109 979 978 906 907 
1182 1181 1109 1110 980 979 907 908 
1183 1182 1110 1112 981 980 908 910 
1184 1183 1112 1152 982 981 910 950 
1185 1186 1158 1119 983 984 956 917 
1187 1185 1119 1118 985 983 917 916 
1188 1187 1118 1120 986 985 916 918 
1189 1188 1120 1121 987 986 918 919 
1190 1189 1121 1122 988 987 919 920 
1191 1190 1122 1123 989 988 920 921 
1192 1191 1123 1124 990 989 921 922 
1193 1192 1124 1125 991 990 922 923 
1194 1193 1125 1126 992 991 923 924 
1195 1194 1126 1127 993 992 924 925 
1196 1195 1127 1128 994 993 925 926 
1197 1196 1128 1129 995 994 926 927 
1198 1197 1129 1130 996 995 927 928 
1199 1198 1130 1131 997 996 928 929 
1200 1199 1131 1132 998 997 929 930 
1201 1200 1132 1133 999 998 930 931 
1202 1201 1133 1134 1000 999 931 932 
1203 1202 1134 1135 1001 1000 932 933 
1204 1203 1135 1136 1002 1001 933 934 
1205 1204 1136 1137 1003 1002 934 935 
1206 1205 1137 1138 1004 1003 935 936 
1207 1206 1138 1139 1005 1004 936 937 
1208 1207 1139 1141 1006 1005 937 939 
1209 1208 1141 1143 1007 1006 939 941 
1210 1209 1143 1145 1008 1007 941 943 
1211 1210 1145 1147 1009 1008 943 945 
1212 1211 1147 1150 1010 1009 945 948 
1213 1214 1215 1216 1011 1012 1013 1014 
1216 1217 1218 1213 1014 1015 1016 1011 
1215 1214 1219 1220 1013 1012 1017 1018 
1214 1221 1222 1219 1012 1019 1020 1017 
1213 1223 1221 1214 1011 1021 1019 1012 
1218 1224 1223 1213 1016 1022 1021 1011 
1225 1220 1219 1226 1023 1018 1017 1024 
1227 1225 1226 1228 1025 1023 1024 1026 
1229 1227 1228 1230 1027 1025 1026 1028 
1231 1232 1229 1230 1029 1030 1027 1028 
1233 1234 1217 1216 1031 1032 1015 1014 
1235 1233 1216 1215 1033 1031 1014 1013 
1236 1235 1215 1220 1034 1033 1013 1018 
1237 1236 1220 1225 1035 1034 1018 1023 
1238 1237 1225 1227 1036 1035 1023 1025 
1239 1238 1227 1229 1037 1036 1025 1027 
1240 1239 1229 1232 1038 1037 1027 1030 
1241 1242 1231 1230 1039 1040 1029 1028 
1243 1241 1230 1228 1041 1039 1028 1026 
1244 1243 1228 1226 1042 1041 1026 1024 
1222 1244 1226 1219 1020 1042 1024 1017 
1245 1224 1218 1217 1043 1022 1016 1015 
1246 1245 1217 1234 1044 1043 1015 1032 
1247 1246 1234 1248 1045 1044 1032 1046 
1249 1247 1248 1250 1047 1045 1046 1048 
1251 1249 1250 1252 1049 1047 1048 1050 
1253 1251 1252 1254 1051 1049 1050 1052 
1255 1256 1240 1232 1053 1054 1038 1030 
1257 1255 1232 1231 1055 1053 1030 1029 
1258 1257 1231 1242 1056 1055 1029 1040 
1259 1260 1253 1254 1057 1058 1051 1052 
1261 1259 1254 1252 1059 1057 1052 1050 
1262 1261 1252 1250 1060 1059 1050 1048 
1263 1262 1250 1248 1061 1060 1048 1046 
1264 1263 1248 1234 1062 1061 1046 1032 
1265 1264 1234 1233 1063 1062 1032 1031 
1266 1265 1233 1235 1064 1063 1031 1033 
1267 1266 1235 1236 1065 1064 1033 1034 
1268 1267 1236 1237 1066 1065 1034 1035 
1269 1268 1237 1238 1067 1066 1035 1036 
1270 1269 1238 1239 1068 1067 1036 1037 
1271 1270 1239 1240 1069 1068 1037 1038 
1272 1271 1240 1256 1070 1069 1038 1054 
1273 1274 1258 1242 1071 1072 1056 1040 
1275 1273 1242 1241 1073 1071 1040 1039 
1276 1275 1241 1243 1074 1073 1039 1041 
1277 1276 1243 1244 1075 1074 1041 1042 
1278 1277 1244 1222 1076 1075 1042 1020 
1279 1278 1222 1221 1077 1076 1020 1019 
1280 1279 1221 1223 1078 1077 1019 1021 
1281 1280 1223 1224 1079 1078 1021 1022 
1282 1281 1224 1245 1080 1079 1022 1043 
1283 1282 1245 1246 1081 1080 1043 1044 
1284 1283 1246 1247 1082 1081 1044 1045 
1285 1284 1247 1249 1083 1082 1045 1047 
1286 1285 1249 1251 1084 1083 1047 1049 
1287 1286 1251 1253 1085 1084 1049 1051 
1288 1287 1253 1260 1086 1085 1051 1058 
1289 1288 1260 1290 1087 1086 1058 1088 
1291 1289 1290 1292 1089 1087 1088 1090 
1293 1291 1292 1294 1091 1089 1090 1092 
1295 1296 1293 1294 1093 1094 1091 1092 
1297 1295 1294 1292 1095 1093 1092 1090 
1298 1297 1292 1290 1096 1095 1090 1088 
1299 1298 1290 1260 1097 1096 1088 1058 
1300 1299 1260 1259 1098 1097 1058 1057 
1301 1300 1259 1261 1099 1098 1057 1059 
1302 1301 1261 1262 1100 1099 1059 1060 
1303 1302 1262 1263 1101 1100 1060 1061 
1304 1303 1263 1264 1102 1101 1061 1062 
1305 1304 1264 1265 1103 1102 1062 1063 
1306 1305 1265 1266 1104 1103 1063 1064 
1307 1306 1266 1267 1105 1104 1064 1065 
1308 1307 1267 1268 1106 1105 1065 1066 
1309 1308 1268 1269 1107 1106 1066 1067 
1310 1309 1269 1270 1108 1107 1067 1068 
1311 1310 1270 1271 1109 1108 1068 1069 
1312 1311 1271 1272 1110 1109 1069 1070 
1313 1314 1312 1272 1111 1112 1110 1070 
1315 1313 1272 1256 1113 1111 1070 1054 
1316 1315 1256 1255 1114 1113 1054 1053 
1317 1316 1255 1257 1115 1114 1053 1055 
1318 1317 1257 1258 1116 1115 1055 1056 
1319 1318 1258 1274 1117 1116 1056 1072 
1320 1321 1319 1274 1118 1119 1117 1072 
1322 1320 1274 1273 1120 1118 1072 1071 
1323 1322 1273 1275 1121 1120 1071 1073 
1324 1323 1275 1276 1122 1121 1073 1074 
1325 1324 1276 1277 1123 1122 1074 1075 
1326 1325 1277 1278 1124 1123 1075 1076 
1327 1326 1278 1279 1125 1124 1076 1077 
1328 1327 1279 1280 1126 1125 1077 1078 
1329 1328 1280 1281 1127 1126 1078 1079 
1330 1329 1281 1282 1128 1127 1079 1080 
1331 1330 1282 1283 1129 1128 1080 1081 
1332 1331 1283 1284 1130 1129 1081 1082 
1333 1332 1284 1285 1131 1130 1082 1083 
1334 1333 1285 1286 1132 1131 1083 1084 
1335 1334 1286 1287 1133 1132 1084 1085 
1336 1335 1287 1288 1134 1133 1085 1086 
1337 1336 1288 1289 1135 1134 1086 1087 
1338 1337 1289 1291 1136 1135 1087 1089 
1339 1338 1291 1293 1137 1136 1089 1091 
1340 1339 1293 1296 1138 1137 1091 1094 
1341 1340 1296 1342 1139 1138 1094 1140 
1343 1341 1342 1344 1141 1139 1140 1142 
1345 1343 1344 1346 1143 1141 1142 1144 
1347 1345 1346 1348 1145 1143 1144 1146 
1349 1347 1348 1350 1147 1145 1146 1148 
1351 1352 1349 1350 1149 1150 1147 1148 
1353 1354 1314 1313 1151 1152 1112 1111 
1355 1353 1313 1315 1153 1151 1111 1113 
1356 1355 1315 1316 1154 1153 1113 1114 
1357 1356 1316 1317 1155 1154 1114 1115 
1358 1357 1317 1318 1156 1155 1115 1116 
1359 1358 1318 1319 1157 1156 1116 1117 
1360 1359 1319 1321 1158 1157 1117 1119 
1361 1362 1351 1350 1159 1160 1149 1148 
1363 1361 1350 1348 1161 1159 1148 1146 
1364 1363 1348 1346 1162 1161 1146 1144 
1365 1364 1346 1344 1163 1162 1144 1142 
1366 1365 1344 1342 1164 1163 1142 1140 
1367 1366 1342 1296 1165 1164 1140 1094 
1368 1367 1296 1295 1166 1165 1094 1093 
1369 1368 1295 1297 1167 1166 1093 1095 
1370 1369 1297 1298 1168 1167 1095 1096 
1371 1370 1298 1299 1169 1168 1096 1097 
1372 1371 1299 1300 1170 1169 1097 1098 
1373 1372 1300 1301 1171 1170 1098 1099 
1374 1373 1301 1302 1172 1171 1099 1100 
1375 1374 1302 1303 1173 1172 1100 1101 
1376 1375 1303 1304 1174 1173 1101 1102 
1377 1376 1304 1305 1175 1174 1102 1103 
1378 1377 1305 1306 1176 1175 1103 1104 
1379 1378 1306 1307 1177 1176 1104 1105 
1380 1379 1307 1308 1178 1177 1105 1106 
1381 1380 1308 1309 1179 1178 1106 1107 
1382 1381 1309 1310 1180 1179 1107 1108 
1383 1382 1310 1311 1181 1180 1108 1109 
1384 1383 1311 1312 1182 1181 1109 1110 
1385 1384 1312 1314 1183 1182 1110 1112 
1386 1385 1314 1354 1184 1183 1112 1152 
1387 1388 1360 1321 1185 1186 1158 1119 
1389 1387 1321 1320 1187 1185 1119 1118 
1390 1389 1320 1322 1188 1187 1118 1120 
1391 1390 1322 1323 1189 1188 1120 1121 
1392 1391 1323 1324 1190 1189 1121 1122 
1393 1392 1324 1325 1191 1190 1122 1123 
1394 1393 1325 1326 1192 1191 1123 1124 
1395 1394 1326 1327 1193 1192 1124 1125 
1396 1395 1327 1328 1194 1193 1125 1126 
1397 1396 1328 1329 1195 1194 1126 1127 
1398 1397 1329 1330 1196 1195 1127 1128 
1399 1398 1330 1331 1197 1196 1128 1129 
1400 1399 1331 1332 1198 1197 1129 1130 
1401 1400 1332 1333 1199 1198 1130 1131 
1402 1401 1333 1334 1200 1199 1131 1132 
1403 1402 1334 1335 1201 1200 1132 1133 
1404 1403 1335 1336 1202 1201 1133 1134 
1405 1404 1336 1337 1203 1202 1134 1135 
1406 1405 1337 1338 1204 1203 1135 1136 
1407 1406 1338 1339 1205 1204 1136 1137 
1408 1407 1339 1340 1206 1205 1137 1138 
1409 1408 1340 1341 1207 1206 1138 1139 
1410 1409 1341 1343 1208 1207 1139 1141 
1411 1410 1343 1345 1209 1208 1141 1143 
1412 1411 1345 1347 1210 1209 1143 1145 
1413 1412 1347 1349 1211 1210 1145 1147 
1414 1413 1349 1352 1212 1211 1147 1150 
1415 1416 1417 1418 1213 1214 1215 1216 
1418 1419 1420 1415 1216 1217 1218 1213 
1417 1416 1421 1422 1215 1214 1219 1220 
1416 1423 1424 1421 1214 1221 1222 1219 
1415 1425 1423 1416 1213 1223 1221 1214 
1420 1426 1425 1415 1218 1224 1223 1213 
1427 1422 1421 1428 1225 1220 1219 1226 
1429 1427 1428 1430 1227 1225 1226 1228 
1431 1429 1430 1432 1229 1227 1228 1230 
1433 1434 1431 1432 1231 1232 1229 1230 
1435 1436 1419 1418 1233 1234 1217 1216 
1437 1435 1418 1417 1235 1233 1216 1215 
1438 1437 1417 1422 1236 1235 1215 1220 
1439 1438 1422 1427 1237 1236 1220 1225 
1440 1439 1427 1429 1238 1237 1225 1227 
1441 1440 1429 1431 1239 1238 1227 1229 
1442 1441 1431 1434 1240 1239 1229 1232 
1443 1444 1433 1432 1241 1242 1231 1230 
1445 1443 1432 1430 1243 1241 1230 1228 
1446 1445 1430 1428 1244 1243 1228 1226 
1424 1446 1428 1421 1222 1244 1226 1219 
1447 1426 1420 1419 1245 1224 1218 1217 
1448 1447 1419 1436 1246 1245 1217 1234 
1449 1448 1436 1450 1247 1246 1234 1248 
1451 1449 1450 1452 1249 1247 1248 1250 
1453 1451 1452 1454 1251 1249 1250 1252 
1455 1453 1454 1456 1253 1251 1252 1254 
1457 1458 1442 1434 1255 1256 1240 1232 
1459 1457 1434 1433 1257 1255 1232 1231 
1460 1459 1433 1444 1258 1257 1231 1242 
1461 1462 1455 1456 1259 1260 1253 1254 
1463 1461 1456 1454 1261 1259 1254 1252 
1464 1463 1454 1452 1262 1261 1252 1250 
1465 1464 1452 1450 1263 1262 1250 1248 
1466 1465 1450 1436 1264 1263 1248 1234 
1467 1466 1436 1435 1265 1264 1234 1233 
1468 1467 1435 1437 1266 1265 1233 1235 
1469 1468 1437 1438 1267 1266 1235 1236 
1470 1469 1438 1439 1268 1267 1236 1237 
1471 1470 1439 1440 1269 1268 1237 1238 
1472 1471 1440 1441 1270 1269 1238 1239 
1473 1472 1441 1442 1271 1270 1239 1240 
1474 1473 1442 1458 1272 1271 1240 1256 
1475 1476 1460 1444 1273 1274 1258 1242 
1477 1475 1444 1443 1275 1273 1242 1241 
1478 1477 1443 1445 1276 1275 1241 1243 
1479 1478 1445 1446 1277 1276 1243 1244 
1480 1479 1446 1424 1278 1277 1244 1222 
1481 1480 1424 1423 1279 1278 1222 1221 
1482 1481 1423 1425 1280 1279 1221 1223 
1483 1482 1425 1426 1281 1280 1223 1224 
1484 1483 1426 1447 1282 1281 1224 1245 
1485 1484 1447 1448 1283 1282 1245 1246 
1486 1485 1448 1449 1284 1283 1246 1247 
1487 1486 1449 1451 1285 1284 1247 1249 
1488 1487 1451 1453 1286 1285 1249 1251 
1489 1488 1453 1455 1287 1286 1251 1253 
1490 1489 1455 1462 1288 1287 1253 1260 
1491 1490 1462 1492 1289 1288 1260 1290 
1493 1491 1492 1494 1291 1289 1290 1292 
1495 1493 1494 1496 1293 1291 1292 1294 
1497 1498 1495 1496 1295 1296 1293 1294 
1499 1497 1496 1494 1297 1295 1294 1292 
1500 1499 1494 1492 1298 1297 1292 1290 
1501 1500 1492 1462 1299 1298 1290 1260 
1502 1501 1462 1461 1300 1299 1260 1259 
1503 1502 1461 1463 1301 1300 1259 1261 
1504 1503 1463 1464 1302 1301 1261 1262 
1505 1504 1464 1465 1303 1302 1262 1263 
1506 1505 1465 1466 1304 1303 1263 1264 
1507 1506 1466 1467 1305 1304 1264 1265 
1508 1507 1467 1468 1306 1305 1265 1266 
1509 1508 1468 1469 1307 1306 1266 1267 
1510 1509 1469 1470 1308 1307 1267 1268 
1511 1510 1470 1471 1309 1308 1268 1269 
1512 1511 1471 1472 1310 1309 1269 1270 
1513 1512 1472 1473 1311 1310 1270 1271 
1514 1513 1473 1474 1312 1311 1271 1272 
1515 1516 1514 1474 1313 1314 1312 1272 
1517 1515 1474 1458 1315 1313 1272 1256 
1518 1517 1458 1457 1316 1315 1256 1255 
1519 1518 1457 1459 1317 1316 1255 1257 
1520 1519 1459 1460 1318 1317 1257 1258 
1521 1520 1460 1476 1319 1318 1258 1274 
1522 1523 1521 1476 1320 1321 1319 1274 
1524 1522 1476 1475 1322 1320 1274 1273 
1525 1524 1475 1477 1323 1322 1273 1275 
1526 1525 1477 1478 1324 1323 1275 1276 
1527 1526 1478 1479 1325 1324 1276 1277 
1528 1527 1479 1480 1326 1325 1277 1278 
1529 1528 1480 1481 1327 1326 1278 1279 
1530 1529 1481 1482 1328 1327 1279 1280 
1531 1530 1482 1483 1329 1328 1280 1281 
1532 1531 1483 1484 1330 1329 1281 1282 
1533 1532 1484 1485 1331 1330 1282 1283 
1534 1533 1485 1486 1332 1331 1283 1284 
1535 1534 1486 1487 1333 1332 1284 1285 
1536 1535 1487 1488 1334 1333 1285 1286 
1537 1536 1488 1489 1335 1334 1286 1287 
1538 1537 1489 1490 1336 1335 1287 1288 
1539 1538 1490 1491 1337 1336 1288 1289 
1540 1539 1491 1493 1338 1337 1289 1291 
1541 1540 1493 1495 1339 1338 1291 1293 
1542 1541 1495 1498 1340 1339 1293 1296 
1543 1542 1498 1544 1341 1340 1296 1342 
1545 1543 1544 1546 1343 1341 1342 1344 
1547 1545 1546 1548 1345 1343 1344 1346 
1549 1547 1548 1550 1347 1345 1346 1348 
1551 1549 1550 1552 1349 1347 1348 1350 
1553 1554 1551 1552 1351 1352 1349 1350 
1555 1556 1516 1515 1353 1354 1314 1313 
1557 1555 1515 1517 1355 1353 1313 1315 
1558 1557 1517 1518 1356 1355 1315 1316 
1559 1558 1518 1519 1357 1356 1316 1317 
1560 1559 1519 1520 1358 1357 1317 1318 
1561 1560 1520 1521 1359 1358 1318 1319 
1562 1561 1521 1523 1360 1359 1319 1321 
1563 1564 1553 1552 1361 1362 1351 1350 
1565 1563 1552 1550 1363 1361 1350 1348 
1566 1565 1550 1548 1364 1363 1348 1346 
1567 1566 1548 1546 1365 1364 1346 1344 
1568 1567 1546 1544 1366 1365 1344 1342 
1569 1568 1544 1498 1367 1366 1342 1296 
1570 1569 1498 1497 1368 1367 1296 1295 
1571 1570 1497 1499 1369 1368 1295 1297 
1572 1571 1499 1500 1370 1369 1297 1298 
1573 1572 1500 1501 1371 1370 1298 1299 
1574 1573 1501 1502 1372 1371 1299 1300 
1575 1574 1502 1503 1373 1372 1300 1301 
1576 1575 1503 1504 1374 1373 1301 1302 
1577 1576 1504 1505 1375 1374 1302 1303 
1578 1577 1505 1506 1376 1375 1303 1304 
1579 1578 1506 1507 1377 1376 1304 1305 
1580 1579 1507 1508 1378 1377 1305 1306 
1581 1580 1508 1509 1379 1378 1306 1307 
1582 1581 1509 1510 1380 1379 1307 1308 
1583 1582 1510 1511 1381 1380 1308 1309 
1584 1583 1511 1512 1382 1381 1309 1310 
1585 1584 1512 1513 1383 1382 1310 1311 
1586 1585 1513 1514 1384 1383 1311 1312 
1587 1586 1514 1516 1385 1384 1312 1314 
1588 1587 1516 1556 1386 1385 1314 1354 
1589 1590 1562 1523 1387 1388 1360 1321 
1591 1589 1523 1522 1389 1387 1321 1320 
1592 1591 1522 1524 1390 1389 1320 1322 
1593 1592 1524 1525 1391 1390 1322 1323 
1594 1593 1525 1526 1392 1391 1323 1324 
1595 1594 1526 1527 1393 1392 1324 1325 
1596 1595 1527 1528 1394 1393 1325 1326 
1597 1596 1528 1529 1395 1394 1326 1327 
1598 1597 1529 1530 1396 1395 1327 1328 
1599 1598 1530 1531 1397 1396 1328 1329 
1600 1599 1531 1532 1398 1397 1329 1330 
1601 1600 1532 1533 1399 1398 1330 1331 
1602 1601 1533 1534 1400 1399 1331 1332 
1603 1602 1534 1535 1401 1400 1332 1333 
1604 1603 1535 1536 1402 1401 1333 1334 
1605 1604 1536 1537 1403 1402 1334 1335 
1606 1605 1537 1538 1404 1403 1335 1336 
1607 1606 1538 1539 1405 1404 1336 1337 
1608 1607 1539 1540 1406 1405 1337 1338 
1609 1608 1540 1541 1407 1406 1338 1339 
1610 1609 1541 1542 1408 1407 1339 1340 
1611 1610 1542 1543 1409 1408 1340 1341 
1612 1611 1543 1545 1410 1409 1341 1343 
1613 1612 1545 1547 1411 1410 1343 1345 
1614 1613 1547 1549 1412 1411 1345 1347 
1615 1614 1549 1551 1413 1412 1347 1349 
1616 1615 1551 1554 1414 1413 1349 1352 
1617 1618 1619 1620 1415 1416 1417 1418 
1620 1621 1622 1617 1418 1419 1420 1415 
1619 1618 1623 1624 1417 1416 1421 1422 
1618 1625 1626 1623 1416 1423 1424 1421 
1617 1627 1625 1618 1415 1425 1423 1416 
1622 1628 1627 1617 1420 1426 1425 1415 
1629 1624 1623 1630 1427 1422 1421 1428 
1631 1629 1630 1632 1429 1427 1428 1430 
1633 1631 1632 1634 1431 1429 1430 1432 
1635 1636 1633 1634 1433 1434 1431 1432 
1637 1638 1621 1620 1435 1436 1419 1418 
1639 1637 1620 1619 1437 1435 1418 1417 
1640 1639 1619 1624 1438 1437 1417 1422 
1641 1640 1624 1629 1439 1438 1422 1427 
1642 1641 1629 1631 1440 1439 1427 1429 
1643 1642 1631 1633 1441 1440 1429 1431 
1644 1643 1633 1636 1442 1441 1431 1434 
1645 1646 1635 1634 1443 1444 1433 1432 
1647 1645 1634 1632 1445 1443 1432 1430 
1648 1647 1632 1630 1446 1445 1430 1428 
1626 1648 1630 1623 1424 1446 1428 1421 
1649 1628 1622 1621 1447 1426 1420 1419 
1650 1649 1621 1638 1448 1447 1419 1436 
1651 1650 1638 1652 1449 1448 1436 1450 
1653 1651 1652 1654 1451 1449 1450 1452 
1655 1653 1654 1656 1453 1451 1452 1454 
1657 1655 1656 1658 1455 1453 1454 1456 
1659 1660 1644 1636 1457 1458 1442 1434 
1661 1659 1636 1635 1459 1457 1434 1433 
1662 1661 1635 1646 1460 1459 1433 1444 
1663 1664 1657 1658 1461 1462 1455 1456 
1665 1663 1658 1656 1463 1461 1456 1454 
1666 1665 1656 1654 1464 1463 1454 1452 
1667 1666 1654 1652 1465 1464 1452 1450 
1668 1667 1652 1638 1466 1465 1450 1436 
1669 1668 1638 1637 1467 1466 1436 1435 
1670 1669 1637 1639 1468 1467 1435 1437 
1671 1670 1639 1640 1469 1468 1437 1438 
1672 1671 1640 1641 1470 1469 1438 1439 
1673 1672 1641 1642 1471 1470 1439 1440 
1674 1673 1642 1643 1472 1471 1440 1441 
1675 1674 1643 1644 1473 1472 1441 1442 
1676 1675 1644 1660 1474 1473 1442 1458 
1677 1678 1662 1646 1475 1476 1460 1444 
1679 1677 1646 1645 1477 1475 1444 1443 
1680 1679 1645 1647 1478 1477 1443 1445 
1681 1680 1647 1648 1479 1478 1445 1446 
1682 1681 1648 1626 1480 1479 1446 1424 
1683 1682 1626 1625 1481 1480 1424 1423 
1684 1683 1625 1627 1482 1481 1423 1425 
1685 1684 1627 1628 1483 1482 1425 1426 
1686 1685 1628 1649 1484 1483 1426 1447 
1687 1686 1649 1650 1485 1484 1447 1448 
1688 1687 1650 1651 1486 1485 1448 1449 
1689 1688 1651 1653 1487 1486 1449 1451 
1690 1689 1653 1655 1488 1487 1451 1453 
1691 1690 1655 1657 1489 1488 1453 1455 
1692 1691 1657 1664 1490 1489 1455 1462 
1693 1692 1664 1694 1491 1490 1462 1492 
1695 1693 1694 1696 1493 1491 1492 1494 
1697 1695 1696 1698 1495 1493 1494 1496 
1699 1700 1697 1698 1497 1498 1495 1496 
1701 1699 1698 1696 1499 1497 1496 1494 
1702 1701 1696 1694 1500 1499 1494 1492 
1703 1702 1694 1664 1501 1500 1492 1462 
1704 1703 1664 1663 1502 1501 1462 1461 
1705 1704 1663 1665 1503 1502 1461 1463 
1706 1705 1665 1666 1504 1503 1463 1464 
1707 1706 1666 1667 1505 1504 1464 1465 
1708 1707 1667 1668 1506 1505 1465 1466 
1709 1708 1668 1669 1507 1506 1466 1467 
1710 1709 1669 1670 1508 1507 1467 1468 
1711 1710 1670 1671 1509 1508 1468 1469 
1712 1711 1671 1672 1510 1509 1469 1470 
1713 1712 1672 1673 1511 1510 1470 1471 
1714 1713 1673 1674 1512 1511 1471 1472 
1715 1714 1674 1675 1513 1512 1472 1473 
1716 1715 1675 1676 1514 1513 1473 1474 
1717 1718 1716 1676 1515 1516 1514 1474 
1719 1717 1676 1660 1517 1515 1474 1458 
1720 1719 1660 1659 1518 1517 1458 1457 
1721 1720 1659 1661 1519 1518 1457 1459 
1722 1721 1661 1662 1520 1519 1459 1460 
1723 1722 1662 1678 1521 1520 1460 1476 
1724 1725 1723 1678 1522 1523 1521 1476 
1726 1724 1678 1677 1524 1522 1476 1475 
1727 1726 1677 1679 1525 1524 1475 1477 
1728 1727 1679 1680 1526 1525 1477 1478 
1729 1728 1680 1681 1527 1526 1478 1479 
1730 1729 1681 1682 1528 1527 1479 1480 
1731 1730 1682 1683 1529 1528 1480 1481 
1732 1731 1683 1684 1530 1529 1481 1482 
1733 1732 1684 1685 1531 1530 1482 1483 
1734 1733 1685 1686 1532 1531 1483 1484 
1735 1734 1686 1687 1533 1532 1484 1485 
1736 1735 1687 1688 1534 1533 1485 1486 
1737 1736 1688 1689 1535 1534 1486 1487 
1738 1737 1689 1690 1536 1535 1487 1488 
1739 1738 1690 1691 1537 1536 1488 1489 
1740 1739 1691 1692 1538 1537 1489 1490 
1741 1740 1692 1693 1539 1538 1490 1491 
1742 1741 1693 1695 1540 1539 1491 1493 
1743 1742 1695 1697 1541 1540 1493 1495 
1744 1743 1697 1700 1542 1541 1495 1498 
1745 1744 1700 1746 1543 1542 1498 1544 
1747 1745 1746 1748 1545 1543 1544 1546 
1749 1747 1748 1750 1547 1545 1546 1548 
1751 1749 1750 1752 1549 1547 1548 1550 
1753 1751 1752 1754 1551 1549 1550 1552 
1755 1756 1753 1754 1553 1554 1551 1552 
1757 1758 1718 1717 1555 1556 1516 1515 
1759 1757 1717 1719 1557 1555 1515 1517 
1760 1759 1719 1720 1558 1557 1517 1518 
1761 1760 1720 1721 1559 1558 1518 1519 
1762 1761 1721 1722 1560 1559 1519 1520 
1763 1762 1722 1723 1561 1560 1520 1521 
1764 1763 1723 1725 1562 1561 1521 1523 
1765 1766 1755 1754 1563 1564 1553 1552 
1767 1765 1754 1752 1565 1563 1552 1550 
1768 1767 1752 1750 1566 1565 1550 1548 
1769 1768 1750 1748 1567 1566 1548 1546 
1770 1769 1748 1746 1568 1567 1546 1544 
1771 1770 1746 1700 1569 1568 1544 1498 
1772 1771 1700 1699 1570 1569 1498 1497 
1773 1772 1699 1701 1571 1570 1497 1499 
1774 1773 1701 1702 1572 1571 1499 1500 
1775 1774 1702 1703 1573 1572 1500 1501 
1776 1775 1703 1704 1574 1573 1501 1502 
1777 1776 1704 1705 1575 1574 1502 1503 
1778 1777 1705 1706 1576 1575 1503 1504 
1779 1778 1706 1707 1577 1576 1504 1505 
1780 1779 1707 1708 1578 1577 1505 1506 
1781 1780 1708 1709 1579 1578 1506 1507 
1782 1781 1709 1710 1580 1579 1507 1508 
1783 1782 1710 1711 1581 1580 1508 1509 
1784 1783 1711 1712 1582 1581 1509 1510 
1785 1784 1712 1713 1583 1582 1510 1511 
1786 1785 1713 1714 1584 1583 1511 1512 
1787 1786 1714 1715 1585 1584 1512 1513 
1788 1787 1715 1716 1586 1585 1513 1514 
1789 1788 1716 1718 1587 1586 1514 1516 
1790 1789 1718 1758 1588 1587 1516 1556 
1791 1792 1764 1725 1589 1590 1562 1523 
1793 1791 1725 1724 1591 1589 1523 1522 
1794 1793 1724 1726 1592 1591 1522 1524 
1795 1794 1726 1727 1593 1592 1524 1525 
1796 1795 1727 1728 1594 1593 1525 1526 
1797 1796 1728 1729 1595 1594 1526 1527 
1798 1797 1729 1730 1596 1595 1527 1528 
1799 1798 1730 1731 1597 1596 1528 1529 
1800 1799 1731 1732 1598 1597 1529 1530 
1801 1800 1732 1733 1599 1598 1530 1531 
1802 1801 1733 1734 1600 1599 1531 1532 
1803 1802 1734 1735 1601 1600 1532 1533 
1804 1803 1735 1736 1602 1601 1533 1534 
1805 1804 1736 1737 1603 1602 1534 1535 
1806 1805 1737 1738 1604 1603 1535 1536 
1807 1806 1738 1739 1605 1604 1536 1537 
1808 1807 1739 1740 1606 1605 1537 1538 
1809 1808 1740 1741 1607 1606 1538 1539 
1810 1809 1741 1742 1608 1607 1539 1540 
1811 1810 1742 1743 1609 1608 1540 1541 
1812 1811 1743 1744 1610 1609 1541 1542 
1813 1812 1744 1745 1611 1610 1542 1543 
1814 1813 1745 1747 1612 1611 1543 1545 
1815 1814 1747 1749 1613 1612 1545 1547 
1816 1815 1749 1751 1614 1613 1547 1549 
1817 1816 1751 1753 1615 1614 1549 1551 
1818 1817 1753 1756 1616 1615 1551 1554 
1819 1820 1821 1822 1617 1618 1619 1620 
1822 1823 1824 1819 1620 1621 1622 1617 
1821 1820 1825 1826 1619 1618 1623 1624 
1820 1827 1828 1825 1618 1625 1626 1623 
1819 1829 1827 1820 1617 1627 1625 1618 
1824 1830 1829 1819 1622 1628 1627 1617 
1831 1826 1825 1832 1629 1624 1623 1630 
1833 1831 1832 1834 1631 1629 1630 1632 
1835 1833 1834 1836 1633 1631 1632 1634 
1837 1838 1835 1836 1635 1636 1633 1634 
1839 1840 1823 1822 1637 1638 1621 1620 
1841 1839 1822 1821 1639 1637 1620 1619 
1842 1841 1821 1826 1640 1639 1619 1624 
1843 1842 1826 1831 1641 1640 1624 1629 
1844 1843 1831 1833 1642 1641 1629 1631 
1845 1844 1833 1835 1643 1642 1631 1633 
1846 1845 1835 1838 1644 1643 1633 1636 
1847 1848 1837 1836 1645 1646 1635 1634 
1849 1847 1836 1834 1647 1645 1634 1632 
1850 1849 1834 1832 1648 1647 1632 1630 
1828 1850 1832 1825 1626 1648 1630 1623 
1851 1830 1824 1823 1649 1628 1622 1621 
1852 1851 1823 1840 1650 1649 1621 1638 
1853 1852 1840 1854 1651 1650 1638 1652 
1855 1853 1854 1856 1653 1651 1652 1654 
1857 1855 1856 1858 1655 1653 1654 1656 
1859 1857 1858 1860 1657 1655 1656 1658 
1861 1862 1846 1838 1659 1660 1644 1636 
1863 1861 1838 1837 1661 1659 1636 1635 
1864 1863 1837 1848 1662 1661 1635 1646 
1865 1866 1859 1860 1663 1664 1657 1658 
1867 1865 1860 1858 1665 1663 1658 1656 
1868 1867 1858 1856 1666 1665 1656 1654 
1869 1868 1856 1854 1667 1666 1654 1652 
1870 1869 1854 1840 1668 1667 1652 1638 
1871 1870 1840 1839 1669 1668 1638 1637 
1872 1871 1839 1841 1670 1669 1637 1639 
1873 1872 1841 1842 1671 1670 1639 1640 
1874 1873 1842 1843 1672 1671 1640 1641 
1875 1874 1843 1844 1673 1672 1641 1642 
1876 1875 1844 1845 1674 1673 1642 1643 
1877 1876 1845 1846 1675 1674 1643 1644 
1878 1877 1846 1862 1676 1675 1644 1660 
1879 1880 1864 1848 1677 1678 1662 1646 
1881 1879 1848 1847 1679 1677 1646 1645 
1882 1881 1847 1849 1680 1679 1645 1647 
1883 1882 1849 1850 1681 1680 1647 1648 
1884 1883 1850 1828 1682 1681 1648 1626 
1885 1884 1828 1827 1683 1682 1626 1625 
1886 1885 1827 1829 1684 1683 1625 1627 
1887 1886 1829 1830 1685 1684 1627 1628 
1888 1887 1830 1851 1686 1685 1628 1649 
1889 1888 1851 1852 1687 1686 1649 1650 
1890 1889 1852 1853 1688 1687 1650 1651 
1891 1890 1853 1855 1689 1688 1651 1653 
1892 1891 1855 1857 1690 1689 1653 1655 
1893 1892 1857 1859 1691 1690 1655 1657 
1894 1893 1859 1866 1692 1691 1657 1664 
1895 1894 1866 1896 1693 1692 1664 1694 
1897 1895 1896 1898 1695 1693 1694 1696 
1899 1897 1898 1900 1697 1695 1696 1698 
1901 1902 1899 1900 1699 1700 1697 1698 
1903 1901 1900 1898 1701 1699 1698 1696 
1904 1903 1898 1896 1702 1701 1696 1694 
1905 1904 1896 1866 1703 1702 1694 1664 
1906 1905 1866 1865 1704 1703 1664 1663 
1907 1906 1865 1867 1705 1704 1663 1665 
1908 1907 1867 1868 1706 1705 1665 1666 
1909 1908 1868 1869 1707 1706 1666 1667 
1910 1909 1869 1870 1708 1707 1667 1668 
1911 1910 1870 1871 1709 1708 1668 1669 
1912 1911 1871 1872 1710 1709 1669 1670 
1913 1912 1872 1873 1711 1710 1670 1671 
1914 1913 1873 1874 1712 1711 1671 1672 
1915 1914 1874 1875 1713 1712 1672 1673 
1916 1915 1875 1876 1714 1713 1673 1674 
1917 1916 1876 1877 1715 1714 1674 1675 
1918 1917 1877 1878 1716 1715 1675 1676 
1919 1920 1918 1878 1717 1718 1716 1676 
1921 1919 1878 1862 1719 1717 1676 1660 
1922 1921 1862 1861 1720 1719 1660 1659 
1923 1922 1861 1863 1721 1720 1659 1661 
1924 1923 1863 1864 1722 1721 1661 1662 
1925 1924 1864 1880 1723 1722 1662 1678 
1926 1927 1925 1880 1724 1725 1723 1678 
1928 1926 1880 1879 1726 1724 1678 1677 
1929 1928 1879 1881 1727 1726 1677 1679 
1930 1929 1881 1882 1728 1727 1679 1680 
1931 1930 1882 1883 1729 1728 1680 1681 
1932 1931 1883 1884 1730 1729 1681 1682 
1933 1932 1884 1885 1731 1730 1682 1683 
1934 1933 1885 1886 1732 1731 1683 1684 
1935 1934 1886 1887 1733 1732 1684 1685 
1936 1935 1887 1888 1734 1733 1685 1686 
1937 1936 1888 1889 1735 1734 1686 1687 
1938 1937 1889 1890 1736 1735 1687 1688 
1939 1938 1890 1891 1737 1736 1688 1689 
1940 1939 1891 1892 1738 1737 1689 1690 
1941 1940 1892 1893 1739 1738 1690 1691 
1942 1941 1893 1894 1740 1739 1691 1692 
1943 1942 1894 1895 1741 1740 1692 1693 
1944 1943 1895 1897 1742 1741 1693 1695 
1945 1944 1897 1899 1743 1742 1695 1697 
1946 1945 1899 1902 1744 1743 1697 1700 
1947 1946 1902 1948 1745 1744 1700 1746 
1949 1947 1948 1950 1747 1745 1746 1748 
1951 1949 1950 1952 1749 1747 1748 1750 
1953 1951 1952 1954 1751 1749 1750 1752 
1955 1953 1954 1956 1753 1751 1752 1754 
1957 1958 1955 1956 1755 1756 1753 1754 
1959 1960 1920 1919 1757 1758 1718 1717 
1961 1959 1919 1921 1759 1757 1717 1719 
1962 1961 1921 1922 1760 1759 1719 1720 
1963 1962 1922 1923 1761 1760 1720 1721 
1964 1963 1923 1924 1762 1761 1721 1722 
1965 1964 1924 1925 1763 1762 1722 1723 
1966 1965 1925 1927 1764 1763 1723 1725 
1967 1968 1957 1956 1765 1766 1755 1754 
1969 1967 1956 1954 1767 1765 1754 1752 
1970 1969 1954 1952 1768 1767 1752 1750 
1971 1970 1952 1950 1769 1768 1750 1748 
1972 1971 1950 1948 1770 1769 1748 1746 
1973 1972 1948 1902 1771 1770 1746 1700 
1974 1973 1902 1901 1772 1771 1700 1699 
1975 1974 1901 1903 1773 1772 1699 1701 
1976 1975 1903 1904 1774 1773 1701 1702 
1977 1976 1904 1905 1775 1774 1702 1703 
1978 1977 1905 1906 1776 1775 1703 1704 
1979 1978 1906 1907 1777 1776 1704 1705 
1980 1979 1907 1908 1778 1777 1705 1706 
1981 1980 1908 1909 1779 1778 1706 1707 
1982 1981 1909 1910 1780 1779 1707 1708 
1983 1982 1910 1911 1781 1780 1708 1709 
1984 1983 1911 1912 1782 1781 1709 1710 
1985 1984 1912 1913 1783 1782 1710 1711 
1986 1985 1913 1914 1784 1783 1711 1712 
1987 1986 1914 1915 1785 1784 1712 1713 
1988 1987 1915 1916 1786 1785 1713 1714 
1989 1988 1916 1917 1787 1786 1714 1715 
1990 1989 1917 1918 1788 1787 1715 1716 
1991 1990 1918 1920 1789 1788 1716 1718 
1992 1991 1920 1960 1790 1789 1718 1758 
1993 1994 1966 1927 1791 1792 1764 1725 
1995 1993 1927 1926 1793 1791 1725 1724 
1996 1995 1926 1928 1794 1793 1724 1726 
1997 1996 1928 1929 1795 1794 1726 1727 
1998 1997 1929 1930 1796 1795 1727 1728 
1999 1998 1930 1931 1797 1796 1728 1729 
2000 1999 1931 1932 1798 1797 1729 1730 
2001 2000 1932 1933 1799 1798 1730 1731 
2002 2001 1933 1934 1800 1799 1731 1732 
2003 2002 1934 1935 1801 1800 1732 1733 
2004 2003 1935 1936 1802 1801 1733 1734 
2005 2004 1936 1937 1803 1802 1734 1735 
2006 2005 1937 1938 1804 1803 1735 1736 
2007 2006 1938 1939 1805 1804 1736 1737 
2008 2007 1939 1940 1806 1805 1737 1738 
2009 2008 1940 1941 1807 1806 1738 1739 
2010 2009 1941 1942 1808 1807 1739 1740 
2011 2010 1942 1943 1809 1808 1740 1741 
2012 2011 1943 1944 1810 1809 1741 1742 
2013 2012 1944 1945 1811 1810 1742 1743 
2014 2013 1945 1946 1812 1811 1743 1744 
2015 2014 1946 1947 1813 1812 1744 1745 
2016 2015 1947 1949 1814 1813 1745 1747 
2017 2016 1949 1951 1815 1814 1747 1749 
2018 2017 1951 1953 1816 1815 1749 1751 
2019 2018 1953 1955 1817 1816 1751 1753 
2020 2019 1955 1958 1818 1817 1753 1756 
2021 2022 2023 2024 1819 1820 1821 1822 
2024 2025 2026 2021 1822 1823 1824 1819 
2023 2022 2027 2028 1821 1820 1825 1826 
2022 2029 2030 2027 1820 1827 1828 1825 
2021 2031 2029 2022 1819 1829 1827 1820 
2026 2032 2031 2021 1824 1830 1829 1819 
2033 2028 2027 2034 1831 1826 1825 1832 
2035 2033 2034 2036 1833 1831 1832 1834 
2037 2035 2036 2038 1835 1833 1834 1836 
2039 2040 2037 2038 1837 1838 1835 1836 
2041 2042 2025 2024 1839 1840 1823 1822 
2043 2041 2024 2023 1841 1839 1822 1821 
2044 2043 2023 2028 1842 1841 1821 1826 
2045 2044 2028 2033 1843 1842 1826 1831 
2046 2045 2033 2035 1844 1843 1831 1833 
2047 2046 2035 2037 1845 1844 1833 1835 
2048 2047 2037 2040 1846 1845 1835 1838 
2049 2050 2039 2038 1847 1848 1837 1836 
2051 2049 2038 2036 1849 1847 1836 1834 
2052 2051 2036 2034 1850 1849 1834 1832 
2030 2052 2034 2027 1828 1850 1832 1825 
2053 2032 2026 2025 1851 1830 1824 1823 
2054 2053 2025 2042 1852 1851 1823 1840 
2055 2054 2042 2056 1853 1852 1840 1854 
2057 2055 2056 2058 1855 1853 1854 1856 
2059 2057 2058 2060 1857 1855 1856 1858 
2061 2059 2060 2062 1859 1857 1858 1860 
2063 2064 2048 2040 1861 1862 1846 1838 
2065 2063 2040 2039 1863 1861 1838 1837 
2066 2065 2039 2050 1864 1863 1837 1848 
2067 2068 2061 2062 1865 1866 1859 1860 
2069 2067 2062 2060 1867 1865 1860 1858 
2070 2069 2060 2058 1868 1867 1858 1856 
2071 2070 2058 2056 1869 1868 1856 1854 
2072 2071 2056 2042 1870 1869 1854 1840 
2073 2072 2042 2041 1871 1870 1840 1839 
2074 2073 2041 2043 1872 1871 1839 1841 
2075 2074 2043 2044 1873 1872 1841 1842 
2076 2075 2044 2045 1874 1873 1842 1843 
2077 2076 2045 2046 1875 1874 1843 1844 
2078 2077 2046 2047 1876 1875 1844 1845 
2079 2078 2047 2048 1877 1876 1845 1846 
2080 2079 2048 2064 1878 1877 1846 1862 
2081 2082 2066 2050 1879 1880 1864 1848 
2083 2081 2050 2049 1881 1879 1848 1847 
2084 2083 2049 2051 1882 1881 1847 1849 
2085 2084 2051 2052 1883 1882 1849 1850 
2086 2085 2052 2030 1884 1883 1850 1828 
2087 2086 2030 2029 1885 1884 1828 1827 
2088 2087 2029 2031 1886 1885 1827 1829 
2089 2088 2031 2032 1887 1886 1829 1830 
2090 2089 2032 2053 1888 1887 1830 1851 
2091 2090 2053 2054 1889 1888 1851 1852 
2092 2091 2054 2055 1890 1889 1852 1853 
2093 2092 2055 2057 1891 1890 1853 1855 
2094 2093 2057 2059 1892 1891 1855 1857 
2095 2094 2059 2061 1893 1892 1857 1859 
2096 2095 2061 2068 1894 1893 1859 1866 
2097 2096 2068 2098 1895 1894 1866 1896 
2099 2097 2098 2100 1897 1895 1896 1898 
2101 2099 2100 2102 1899 1897 1898 1900 
2103 2104 2101 2102 1901 1902 1899 1900 
2105 2103 2102 2100 1903 1901 1900 1898 
2106 2105 2100 2098 1904 1903 1898 1896 
2107 2106 2098 2068 1905 1904 1896 1866 
2108 2107 2068 2067 1906 1905 1866 1865 
2109 2108 2067 2069 1907 1906 1865 1867 
2110 2109 2069 2070 1908 1907 1867 1868 
2111 2110 2070 2071 1909 1908 1868 1869 
2112 2111 2071 2072 1910 1909 1869 1870 
2113 2112 2072 2073 1911 1910 1870 1871 
2114 2113 2073 2074 1912 1911 1871 1872 
2115 2114 2074 2075 1913 1912 1872 1873 
2116 2115 2075 2076 1914 1913 1873 1874 
2117 2116 2076 2077 1915 1914 1874 1875 
2118 2117 2077 2078 1916 1915 1875 1876 
2119 2118 2078 2079 1917 1916 1876 1877 
2120 2119 2079 2080 1918 1917 1877 1878 
2121 2122 2120 2080 1919 1920 1918 1878 
2123 2121 2080 2064 1921 1919 1878 1862 
2124 2123 2064 2063 1922 1921 1862 1861 
2125 2124 2063 2065 1923 1922 1861 1863 
2126 2125 2065 2066 1924 1923 1863 1864 
2127 2126 2066 2082 1925 1924 1864 1880 
2128 2129 2127 2082 1926 1927 1925 1880 
2130 2128 2082 2081 1928 1926 1880 1879 
2131 2130 2081 2083 1929 1928 1879 1881 
2132 2131 2083 2084 1930 1929 1881 1882 
2133 2132 2084 2085 1931 1930 1882 1883 
2134 2133 2085 2086 1932 1931 1883 1884 
2135 2134 2086 2087 1933 1932 1884 1885 
2136 2135 2087 2088 1934 1933 1885 1886 
2137 2136 2088 2089 1935 1934 1886 1887 
2138 2137 2089 2090 1936 1935 1887 1888 
2139 2138 2090 2091 1937 1936 1888 1889 
2140 2139 2091 2092 1938 1937 1889 1890 
2141 2140 2092 2093 1939 1938 1890 1891 
2142 2141 2093 2094 1940 1939 1891 1892 
2143 2142 2094 2095 1941 1940 1892 1893 
2144 2143 2095 2096 1942 1941 1893 1894 
2145 2144 2096 2097 1943 1942 1894 1895 
2146 2145 2097 2099 1944 1943 1895 1897 
2147 2146 2099 2101 1945 1944 1897 1899 
2148 2147 2101 2104 1946 1945 1899 1902 
2149 2148 2104 2150 1947 1946 1902 1948 
2151 2149 2150 2152 1949 1947 1948 1950 
2153 2151 2152 2154 1951 1949 1950 1952 
2155 2153 2154 2156 1953 1951 1952 1954 
2157 2155 2156 2158 1955 1953 1954 1956 
2159 2160 2157 2158 1957 1958 1955 1956 
2161 2162 2122 2121 1959 1960 1920 1919 
2163 2161 2121 2123 1961 1959 1919 1921 
2164 2163 2123 2124 1962 1961 1921 1922 
2165 2164 2124 2125 1963 1962 1922 1923 
2166 2165 2125 2126 1964 1963 1923 1924 
2167 2166 2126 2127 1965 1964 1924 1925 
2168 2167 2127 2129 1966 1965 1925 1927 
2169 2170 2159 2158 1967 1968 1957 1956 
2171 2169 2158 2156 1969 1967 1956 1954 
2172 2171 2156 2154 1970 1969 1954 1952 
2173 2172 2154 2152 1971 1970 1952 1950 
2174 2173 2152 2150 1972 1971 1950 1948 
2175 2174 2150 2104 1973 1972 1948 1902 
2176 2175 2104 2103 1974 1973 1902 1901 
2177 2176 2103 2105 1975 1974 1901 1903 
2178 2177 2105 2106 1976 1975 1903 1904 
2179 2178 2106 2107 1977 1976 1904 1905 
2180 2179 2107 2108 1978 1977 1905 1906 
2181 2180 2108 2109 1979 1978 1906 1907 
2182 2181 2109 2110 1980 1979 1907 1908 
2183 2182 2110 2111 1981 1980 1908 1909 
2184 2183 2111 2112 1982 1981 1909 1910 
2185 2184 2112 2113 1983 1982 1910 1911 
2186 2185 2113 2114 1984 1983 1911 1912 
2187 2186 2114 2115 1985 1984 1912 1913 
2188 2187 2115 2116 1986 1985 1913 1914 
2189 2188 2116 2117 1987 1986 1914 1915 
2190 2189 2117 2118 1988 1987 1915 1916 
2191 2190 2118 2119 1989 1988 1916 1917 
2192 2191 2119 2120 1990 1989 1917 1918 
2193 2192 2120 2122 1991 1990 1918 1920 
2194 2193 2122 2162 1992 1991 1920 1960 
2195 2196 2168 2129 1993 1994 1966 1927 
2197 2195 2129 2128 1995 1993 1927 1926 
2198 2197 2128 2130 1996 1995 1926 1928 
2199 2198 2130 2131 1997 1996 1928 1929 
2200 2199 2131 2132 1998 1997 1929 1930 
2201 2200 2132 2133 1999 1998 1930 1931 
2202 2201 2133 2134 2000 1999 1931 1932 
2203 2202 2134 2135 2001 2000 1932 1933 
2204 2203 2135 2136 2002 2001 1933 1934 
2205 2204 2136 2137 2003 2002 1934 1935 
2206 2205 2137 2138 2004 2003 1935 1936 
2207 2206 2138 2139 2005 2004 1936 1937 
2208 2207 2139 2140 2006 2005 1937 1938 
2209 2208 2140 2141 2007 2006 1938 1939 
2210 2209 2141 2142 2008 2007 1939 1940 
2211 2210 2142 2143 2009 2008 1940 1941 
2212 2211 2143 2144 2010 2009 1941 1942 
2213 2212 2144 2145 2011 2010 1942 1943 
2214 2213 2145 2146 2012 2011 1943 1944 
2215 2214 2146 2147 2013 2012 1944 1945 
2216 2215 2147 2148 2014 2013 1945 1946 
2217 2216 2148 2149 2015 2014 1946 1947 
2218 2217 2149 2151 2016 2015 1947 1949 
2219 2218 2151 2153 2017 2016 1949 1951 
2220 2219 2153 2155 2018 2017 1951 1953 
2221 2220 2155 2157 2019 2018 1953 1955 
2222 2221 2157 2160 2020 2019 1955 1958 
