2 0.0
250
1663 1
1662 1
1661 1
1660 1
1659 1
1658 1
1657 1
1656 1
1655 1
1654 1
1653 1
1652 1
1651 1
1650 1
1649 1
1648 1
1647 1
1646 1
1645 1
1644 1
1643 1
1642 1
1641 1
1640 1
1639 1
1494 1
1493 1
1492 1
1491 1
1490 1
1489 1
1488 1
1487 1
1486 1
1485 1
1484 1
1483 1
1482 1
1481 1
1480 1
1479 1
1478 1
1477 1
1476 1
1475 1
1474 1
1473 1
1472 1
1471 1
1470 1
1325 1
1324 1
1323 1
1322 1
1321 1
1320 1
1319 1
1318 1
1317 1
1316 1
1315 1
1314 1
1313 1
1312 1
1311 1
1310 1
1309 1
1308 1
1307 1
1306 1
1305 1
1304 1
1303 1
1302 1
1301 1
1156 1
1155 1
1154 1
1153 1
1152 1
1151 1
1150 1
1149 1
1148 1
1147 1
1146 1
1145 1
1144 1
1143 1
1142 1
1141 1
1140 1
1139 1
1138 1
1137 1
1136 1
1135 1
1134 1
1133 1
1132 1
987 1
986 1
985 1
984 1
983 1
982 1
981 1
980 1
979 1
978 1
977 1
976 1
975 1
974 1
973 1
972 1
971 1
970 1
969 1
968 1
967 1
966 1
965 1
964 1
963 1
818 1
817 1
816 1
815 1
814 1
813 1
812 1
811 1
810 1
809 1
808 1
807 1
806 1
805 1
804 1
803 1
802 1
801 1
800 1
799 1
798 1
797 1
796 1
795 1
794 1
649 1
648 1
647 1
646 1
645 1
644 1
643 1
642 1
641 1
640 1
639 1
638 1
637 1
636 1
635 1
634 1
633 1
632 1
631 1
630 1
629 1
628 1
627 1
626 1
625 1
480 1
479 1
478 1
477 1
476 1
475 1
474 1
473 1
472 1
471 1
470 1
469 1
468 1
467 1
466 1
465 1
464 1
463 1
462 1
461 1
460 1
459 1
458 1
457 1
456 1
311 1
310 1
309 1
308 1
307 1
306 1
305 1
304 1
303 1
302 1
301 1
300 1
299 1
298 1
297 1
296 1
295 1
294 1
293 1
292 1
291 1
290 1
289 1
288 1
287 1
142 1
141 1
140 1
139 1
138 1
137 1
136 1
135 1
134 1
133 1
132 1
131 1
130 1
129 1
128 1
127 1
126 1
125 1
124 1
123 1
122 1
121 1
120 1
119 1
118 1
