2 0.0
588
1663 1
1662 1
1661 1
1660 1
1659 1
1658 1
1657 1
1656 1
1655 1
1654 1
1653 1
1652 1
1651 1
1650 1
1649 1
1648 1
1647 1
1646 1
1645 1
1644 1
1643 1
1642 1
1641 1
1640 1
1639 1
1494 1
1493 1
1492 1
1491 1
1490 1
1489 1
1488 1
1487 1
1486 1
1485 1
1484 1
1483 1
1482 1
1481 1
1480 1
1479 1
1478 1
1477 1
1476 1
1475 1
1474 1
1473 1
1472 1
1471 1
1470 1
1325 1
1324 1
1323 1
1322 1
1321 1
1320 1
1319 1
1318 1
1317 1
1316 1
1315 1
1314 1
1313 1
1312 1
1311 1
1310 1
1309 1
1308 1
1307 1
1306 1
1305 1
1304 1
1303 1
1302 1
1301 1
1156 1
1155 1
1154 1
1153 1
1152 1
1151 1
1150 1
1149 1
1148 1
1147 1
1146 1
1145 1
1144 1
1143 1
1142 1
1141 1
1140 1
1139 1
1138 1
1137 1
1136 1
1135 1
1134 1
1133 1
1132 1
987 1
986 1
985 1
984 1
983 1
982 1
981 1
980 1
979 1
978 1
977 1
976 1
975 1
974 1
973 1
972 1
971 1
970 1
969 1
968 1
967 1
966 1
965 1
964 1
963 1
818 1
817 1
816 1
815 1
814 1
813 1
812 1
811 1
810 1
809 1
808 1
807 1
806 1
805 1
804 1
803 1
802 1
801 1
800 1
799 1
798 1
797 1
796 1
795 1
794 1
649 1
648 1
647 1
646 1
645 1
644 1
643 1
642 1
641 1
640 1
639 1
638 1
637 1
636 1
635 1
634 1
633 1
632 1
631 1
630 1
629 1
628 1
627 1
626 1
625 1
480 1
479 1
478 1
477 1
476 1
475 1
474 1
473 1
472 1
471 1
470 1
469 1
468 1
467 1
466 1
465 1
464 1
463 1
462 1
461 1
460 1
459 1
458 1
457 1
456 1
311 1
310 1
309 1
308 1
307 1
306 1
305 1
304 1
303 1
302 1
301 1
300 1
299 1
298 1
297 1
296 1
295 1
294 1
293 1
292 1
291 1
290 1
289 1
288 1
287 1
142 1
141 1
140 1
139 1
138 1
137 1
136 1
135 1
134 1
133 1
132 1
131 1
130 1
129 1
128 1
127 1
126 1
125 1
124 1
123 1
122 1
121 1
120 1
119 1
118 1
169 6
168 6
167 6
166 6
165 6
164 6
163 6
162 6
161 6
160 6
159 6
158 6
157 6
156 6
155 6
154 6
153 6
152 6
151 6
150 6
149 6
148 6
147 6
146 6
145 6
144 6
143 6
142 6
141 6
140 6
139 6
138 6
137 6
136 6
135 6
134 6
133 6
132 6
131 6
130 6
129 6
128 6
127 6
126 6
125 6
124 6
123 6
122 6
121 6
120 6
119 6
118 6
117 6
116 6
115 6
114 6
113 6
112 6
111 6
110 6
109 6
108 6
107 6
106 6
105 6
104 6
103 6
102 6
101 6
100 6
99 6
98 6
97 6
96 6
95 6
94 6
93 6
92 6
91 6
90 6
89 6
88 6
87 6
86 6
85 6
84 6
83 6
82 6
81 6
80 6
79 6
78 6
77 6
76 6
75 6
74 6
73 6
72 6
71 6
70 6
69 6
68 6
67 6
66 6
65 6
64 6
63 6
62 6
61 6
60 6
59 6
58 6
57 6
56 6
55 6
54 6
53 6
52 6
51 6
50 6
49 6
48 6
47 6
46 6
45 6
44 6
43 6
42 6
41 6
40 6
39 6
38 6
37 6
36 6
35 6
34 6
33 6
32 6
31 6
30 6
29 6
28 6
27 6
26 6
25 6
24 6
23 6
22 6
21 6
20 6
19 6
18 6
17 6
16 6
15 6
14 6
13 6
12 6
11 6
10 6
9 6
8 6
7 6
6 6
5 6
4 6
3 6
2 6
1 6
1522 5
1523 5
1524 5
1525 5
1526 5
1527 5
1528 5
1529 5
1530 5
1531 5
1532 5
1533 5
1534 5
1535 5
1536 5
1537 5
1538 5
1539 5
1540 5
1541 5
1542 5
1543 5
1544 5
1545 5
1546 5
1547 5
1548 5
1549 5
1550 5
1551 5
1552 5
1553 5
1554 5
1555 5
1556 5
1557 5
1558 5
1559 5
1560 5
1561 5
1562 5
1563 5
1564 5
1565 5
1566 5
1567 5
1568 5
1569 5
1570 5
1571 5
1572 5
1573 5
1574 5
1575 5
1576 5
1577 5
1578 5
1579 5
1580 5
1581 5
1582 5
1583 5
1584 5
1585 5
1586 5
1587 5
1588 5
1589 5
1590 5
1591 5
1592 5
1593 5
1594 5
1595 5
1596 5
1597 5
1598 5
1599 5
1600 5
1601 5
1602 5
1603 5
1604 5
1605 5
1606 5
1607 5
1608 5
1609 5
1610 5
1611 5
1612 5
1613 5
1614 5
1615 5
1616 5
1617 5
1618 5
1619 5
1620 5
1621 5
1622 5
1623 5
1624 5
1625 5
1626 5
1627 5
1628 5
1629 5
1630 5
1631 5
1632 5
1633 5
1634 5
1635 5
1636 5
1637 5
1638 5
1639 5
1640 5
1641 5
1642 5
1643 5
1644 5
1645 5
1646 5
1647 5
1648 5
1649 5
1650 5
1651 5
1652 5
1653 5
1654 5
1655 5
1656 5
1657 5
1658 5
1659 5
1660 5
1661 5
1662 5
1663 5
1664 5
1665 5
1666 5
1667 5
1668 5
1669 5
1670 5
1671 5
1672 5
1673 5
1674 5
1675 5
1676 5
1677 5
1678 5
1679 5
1680 5
1681 5
1682 5
1683 5
1684 5
1685 5
1686 5
1687 5
1688 5
1689 5
1690 5
