2222
16.809240246771399
15.231878706802600
15.433357102644599
17.197834662913898
16.809240246771399
15.231878706802600
15.433357102644599
17.197834662913898
18.762001300243899
18.017213057293901
18.762001300243899
18.017213057293901
13.461489151026800
13.575148569090500
13.461489151026800
13.575148569090500
15.261237959394601
13.475879199489800
15.261237959394601
13.475879199489800
16.930548684735001
16.930548684735001
18.413703985253999
18.413703985253999
11.678505456741300
11.616642665092900
11.678505456741300
11.616642665092900
9.758948302550721
9.725485840029730
9.758948302550721
9.725485840029719
7.826413433782690
7.807856073058010
7.826413433782680
7.807856073058000
5.868474509506560
5.880943322877320
5.868474509506550
5.880943322877320
17.726408765974700
20.040545616488799
17.726408765974700
20.040545616488799
15.712845399535199
15.712845399535199
13.734849507517801
13.734849507517801
11.773946008126901
11.773946008126901
9.820221230864639
9.820221230864639
7.866701526778280
7.866701526778270
5.906520477810500
5.906520477810490
7.816543151966560
5.878236492177490
7.816543151966550
5.878236492177490
9.737544260159421
9.737544260159410
11.628566976326001
11.628566976326001
19.779527046070200
19.779527046070200
21.277652579356200
21.277652579356200
23.052862943910100
22.349097800456800
23.052862943910100
22.349097800456800
24.848699827601099
24.305440733157599
24.848699827601099
24.305440733157599
26.605303998987200
26.028543215075601
26.605303998987200
26.028543215075601
28.216097714991299
27.340054279240999
28.216097714991299
27.340054279240999
3.927129459508550
3.941775980056180
3.927129459508540
3.941775980056180
3.920156513741360
3.920156513741350
3.925930940859950
3.925930940859950
27.747079739614598
29.756177688097800
27.747079739614598
29.756177688097800
25.954692243285098
25.954692243285098
24.070615222749399
24.070615222749399
22.082735994861800
22.082735994861800
20.005439761164201
20.005439761164201
17.911240087535401
17.911240087535401
15.866368137532900
15.866368137532900
13.855660508604901
13.855660508604901
11.865522693115400
11.865522693115400
9.888395265448439
9.888395265448439
7.914247365406400
7.914247365406400
5.937794610577820
5.937794610577820
3.960808779693000
3.960808779692990
5.905555409441650
3.944454078005360
5.905555409441640
3.944454078005360
7.858614680295660
7.858614680295650
9.796277241712300
9.796277241712300
11.710748810246500
11.710748810246500
13.592738174745200
13.592738174745200
15.426850545662701
15.426850545662701
17.192833176373000
17.192833176373000
18.865445716525400
18.865445716525400
20.462288479738000
20.462288479738000
22.067311619188398
22.067311619188398
23.763927312014200
23.763927312014200
25.539306355525301
25.539306355525301
27.313608028677699
27.313608028677699
29.025029593738399
29.025029593738399
30.770570691555299
30.770570691555299
32.628195142062900
32.044495504709701
32.628195142062900
32.044495504709701
34.469387012129602
33.916143337665702
34.469387012129602
33.916143337665702
36.151302723991598
35.283428907221001
36.151302723991598
35.283428907221001
35.746073700753598
37.787345204842801
35.746073700753598
37.787345204842801
33.900103505122203
33.900103505122203
31.951362496390100
31.951362496390100
29.925771663531201
29.925771663531201
27.913055488252599
27.913055488252599
25.978054620213801
25.978054620213801
24.007675852613399
24.007675852613399
22.011951450407398
22.011951450407398
19.989681012688699
19.989681012688699
17.960916329414999
17.960916329414999
15.944384135059201
15.944384135059201
13.935414337433301
13.935414337433301
11.938951478554600
11.938951478554600
9.946902210424950
9.946902210424950
7.958392740910170
7.958392740910160
5.970430180902220
5.970430180902210
3.979880144481400
3.979880144481400
1.981945918214370
1.994073518708810
1.981945918214370
1.994073518708810
1.974016515957730
1.974016515957720
1.965443242804790
1.965443242804790
1.964136629657070
1.964136629657070
1.966525208458510
1.966525208458510
1.975655084067620
1.975655084067620
3.969181613324030
1.985224762159930
3.969181613324030
1.985224762159930
5.949082716146880
5.949082716146870
7.923799787714780
7.923799787714780
9.889537334173159
9.889537334173159
11.842842259356900
11.842842259356900
13.776090420724300
13.776090420724300
15.681839904993099
15.681839904993099
17.545629615230300
17.545629615230300
19.313238042580799
19.313238042580799
21.029480060773299
21.029480060773299
22.725177412442299
22.725177412442299
24.466048479939701
24.466048479939701
26.237413017210201
26.237413017210201
28.013856802629800
28.013856802629800
29.782087634834699
29.782087634834699
31.539023360437000
31.539023360437000
33.350352843841101
33.350352843841101
35.168176630373601
35.168176630373601
36.934982397638002
36.934982397638002
38.723381750249096
38.723381750249096
40.657174270750900
40.151004739780298
40.657174270750900
40.151004739780298
42.581819624841103
42.228474803259999
42.581819624841103
42.228474803259999
44.461361825518402
44.208491068506000
44.461361825518402
44.208491068506000
46.314848482872101
46.151107412254603
46.314848482872101
46.151107412254603
48.158265056608599
48.078262454994700
48.158265056608599
48.078262454994700
50.000000000000000
50.000000000000000
50.000000000000000
50.000000000000000
0.000000000000000
0.000000000000000
0.000000000000000
0.000000000000000
0.000000000000000
0.000000000000000
0.000000000000000
0.000000000000000
0.000000000000000
0.000000000000000
0.000000000000000
0.000000000000000
0.000000000000000
0.000000000000000
0.000000000000000
0.000000000000000
48.000000000000000
50.000000000000000
48.000000000000000
50.000000000000000
46.000000000000000
46.000000000000000
44.000000000000000
44.000000000000000
42.000000000000000
42.000000000000000
40.000000000000000
40.000000000000000
38.000000000000000
38.000000000000000
36.000000000000000
36.000000000000000
34.000000000000000
34.000000000000000
32.000000000000000
32.000000000000000
30.000000000000000
30.000000000000000
28.000000000000000
28.000000000000000
26.000000000000000
26.000000000000000
24.000000000000000
24.000000000000000
22.000000000000000
22.000000000000000
20.000000000000000
20.000000000000000
18.000000000000000
18.000000000000000
16.000000000000000
16.000000000000000
14.000000000000000
14.000000000000000
12.000000000000000
12.000000000000000
10.000000000000000
10.000000000000000
8.000000000000000
8.000000000000000
6.000000000000000
6.000000000000000
4.000000000000000
4.000000000000000
2.000000000000000
2.000000000000000
0.000000000000000
0.000000000000000
2.000000000000000
0.000000000000000
2.000000000000000
0.000000000000000
4.000000000000000
4.000000000000000
6.000000000000000
6.000000000000000
8.000000000000000
8.000000000000000
10.000000000000000
10.000000000000000
12.000000000000000
12.000000000000000
14.000000000000000
14.000000000000000
16.000000000000000
16.000000000000000
18.000000000000000
18.000000000000000
19.785714285714299
19.785714285714299
21.571428571428601
21.571428571428601
23.357142857142900
23.357142857142900
25.142857142857100
25.142857142857100
26.928571428571399
26.928571428571399
28.714285714285701
28.714285714285701
30.500000000000000
30.500000000000000
32.285714285714299
32.285714285714299
34.071428571428598
34.071428571428598
35.857142857142897
35.857142857142897
37.642857142857103
37.642857142857103
39.428571428571402
39.428571428571402
41.214285714285701
41.214285714285701
43.000000000000000
43.000000000000000
44.750000000000000
44.750000000000000
46.500000000000000
46.500000000000000
48.250000000000000
48.250000000000000
50.000000000000000
50.000000000000000
16.809240246771399
15.231878706802600
15.433357102644599
17.197834662913898
18.762001300243899
18.017213057293901
13.461489151026800
13.575148569090500
15.261237959394601
13.475879199489800
16.930548684735001
18.413703985253999
11.678505456741300
11.616642665092900
9.758948302550721
9.725485840029730
7.826413433782690
7.807856073058010
5.868474509506560
5.880943322877320
17.726408765974700
20.040545616488799
15.712845399535199
13.734849507517801
11.773946008126901
9.820221230864639
7.866701526778280
5.906520477810500
7.816543151966560
5.878236492177490
9.737544260159410
11.628566976326001
19.779527046070200
21.277652579356200
23.052862943910100
22.349097800456800
24.848699827601099
24.305440733157599
26.605303998987200
26.028543215075601
28.216097714991299
27.340054279240999
3.927129459508550
3.941775980056180
3.920156513741360
3.925930940859950
27.747079739614598
29.756177688097800
25.954692243285098
24.070615222749399
22.082735994861800
20.005439761164201
17.911240087535401
15.866368137532900
13.855660508604901
11.865522693115400
9.888395265448439
7.914247365406400
5.937794610577820
3.960808779693000
5.905555409441650
3.944454078005370
7.858614680295660
9.796277241712300
11.710748810246500
13.592738174745200
15.426850545662701
17.192833176373000
18.865445716525400
20.462288479738000
22.067311619188398
23.763927312014200
25.539306355525301
27.313608028677699
29.025029593738399
30.770570691555299
32.628195142062900
32.044495504709701
34.469387012129602
33.916143337665702
36.151302723991598
35.283428907221001
35.746073700753598
37.787345204842801
33.900103505122203
31.951362496390100
29.925771663531201
27.913055488252599
25.978054620213801
24.007675852613399
22.011951450407398
19.989681012688699
17.960916329414999
15.944384135059201
13.935414337433301
11.938951478554600
9.946902210424950
7.958392740910170
5.970430180902220
3.979880144481400
1.981945918214370
1.994073518708810
1.974016515957730
1.965443242804790
1.964136629657070
1.966525208458510
1.975655084067620
3.969181613324030
1.985224762159930
5.949082716146880
7.923799787714780
9.889537334173159
11.842842259356900
13.776090420724300
15.681839904993099
17.545629615230300
19.313238042580799
21.029480060773299
22.725177412442299
24.466048479939701
26.237413017210201
28.013856802629800
29.782087634834699
31.539023360437000
33.350352843841101
35.168176630373601
36.934982397638002
38.723381750249096
40.657174270750900
40.151004739780298
42.581819624841103
42.228474803259999
44.461361825518402
44.208491068506000
46.314848482872101
46.151107412254603
48.158265056608599
48.078262454994700
50.000000000000000
50.000000000000000
0.000000000000000
0.000000000000000
0.000000000000000
0.000000000000000
0.000000000000000
0.000000000000000
0.000000000000000
0.000000000000000
48.000000000000000
50.000000000000000
46.000000000000000
44.000000000000000
42.000000000000000
40.000000000000000
38.000000000000000
36.000000000000000
34.000000000000000
32.000000000000000
30.000000000000000
28.000000000000000
26.000000000000000
24.000000000000000
22.000000000000000
20.000000000000000
18.000000000000000
16.000000000000000
14.000000000000000
12.000000000000000
10.000000000000000
8.000000000000000
6.000000000000000
4.000000000000000
2.000000000000000
0.000000000000000
2.000000000000000
0.000000000000000
4.000000000000000
6.000000000000000
8.000000000000000
10.000000000000000
12.000000000000000
14.000000000000000
16.000000000000000
18.000000000000000
19.785714285714299
21.571428571428601
23.357142857142900
25.142857142857100
26.928571428571399
28.714285714285701
30.500000000000000
32.285714285714299
34.071428571428598
35.857142857142897
37.642857142857103
39.428571428571402
41.214285714285701
43.000000000000000
44.750000000000000
46.500000000000000
48.250000000000000
50.000000000000000
16.809240246771399
15.231878706802600
15.433357102644599
17.197834662913898
18.762001300243899
18.017213057293901
13.461489151026800
13.575148569090500
15.261237959394601
13.475879199489800
16.930548684735001
18.413703985253999
11.678505456741300
11.616642665092900
9.758948302550730
9.725485840029730
7.826413433782690
7.807856073058010
5.868474509506560
5.880943322877320
17.726408765974700
20.040545616488799
15.712845399535199
13.734849507517801
11.773946008126901
9.820221230864639
7.866701526778280
5.906520477810500
7.816543151966560
5.878236492177490
9.737544260159410
11.628566976326001
19.779527046070200
21.277652579356200
23.052862943910100
22.349097800456800
24.848699827601099
24.305440733157599
26.605303998987200
26.028543215075601
28.216097714991299
27.340054279240999
3.927129459508550
3.941775980056180
3.920156513741360
3.925930940859950
27.747079739614598
29.756177688097800
25.954692243285098
24.070615222749399
22.082735994861800
20.005439761164201
17.911240087535401
15.866368137532900
13.855660508604901
11.865522693115400
9.888395265448439
7.914247365406400
5.937794610577820
3.960808779693000
5.905555409441650
3.944454078005370
7.858614680295660
9.796277241712300
11.710748810246500
13.592738174745200
15.426850545662701
17.192833176373000
18.865445716525400
20.462288479738000
22.067311619188398
23.763927312014200
25.539306355525301
27.313608028677699
29.025029593738399
30.770570691555299
32.628195142062900
32.044495504709701
34.469387012129602
33.916143337665702
36.151302723991598
35.283428907221001
35.746073700753598
37.787345204842801
33.900103505122203
31.951362496390100
29.925771663531201
27.913055488252599
25.978054620213801
24.007675852613399
22.011951450407398
19.989681012688699
17.960916329414999
15.944384135059201
13.935414337433301
11.938951478554600
9.946902210424950
7.958392740910170
5.970430180902220
3.979880144481400
1.981945918214370
1.994073518708810
1.974016515957730
1.965443242804790
1.964136629657070
1.966525208458510
1.975655084067620
3.969181613324030
1.985224762159930
5.949082716146880
7.923799787714780
9.889537334173159
11.842842259356900
13.776090420724300
15.681839904993099
17.545629615230300
19.313238042580799
21.029480060773299
22.725177412442299
24.466048479939701
26.237413017210201
28.013856802629800
29.782087634834699
31.539023360437000
33.350352843841101
35.168176630373601
36.934982397638002
38.723381750249096
40.657174270750900
40.151004739780298
42.581819624841103
42.228474803259999
44.461361825518402
44.208491068506000
46.314848482872101
46.151107412254603
48.158265056608599
48.078262454994700
50.000000000000000
50.000000000000000
0.000000000000000
0.000000000000000
0.000000000000000
0.000000000000000
0.000000000000000
0.000000000000000
0.000000000000000
0.000000000000000
48.000000000000000
50.000000000000000
46.000000000000000
44.000000000000000
42.000000000000000
40.000000000000000
38.000000000000000
36.000000000000000
34.000000000000000
32.000000000000000
30.000000000000000
28.000000000000000
26.000000000000000
24.000000000000000
22.000000000000000
20.000000000000000
18.000000000000000
16.000000000000000
14.000000000000000
12.000000000000000
10.000000000000000
8.000000000000000
6.000000000000000
4.000000000000010
2.000000000000000
0.000000000000000
2.000000000000000
0.000000000000000
4.000000000000000
6.000000000000000
8.000000000000000
10.000000000000000
12.000000000000000
14.000000000000000
16.000000000000000
18.000000000000000
19.785714285714299
21.571428571428601
23.357142857142900
25.142857142857100
26.928571428571399
28.714285714285701
30.500000000000000
32.285714285714299
34.071428571428598
35.857142857142897
37.642857142857103
39.428571428571402
41.214285714285701
43.000000000000000
44.750000000000000
46.500000000000000
48.250000000000000
50.000000000000000
16.809240246771399
15.231878706802600
15.433357102644599
17.197834662913898
18.762001300243899
18.017213057293901
13.461489151026800
13.575148569090500
15.261237959394601
13.475879199489800
16.930548684735001
18.413703985253999
11.678505456741300
11.616642665092900
9.758948302550730
9.725485840029730
7.826413433782690
7.807856073058010
5.868474509506560
5.880943322877320
17.726408765974700
20.040545616488799
15.712845399535199
13.734849507517801
11.773946008126901
9.820221230864639
7.866701526778280
5.906520477810500
7.816543151966560
5.878236492177490
9.737544260159421
11.628566976326001
19.779527046070200
21.277652579356200
23.052862943910100
22.349097800456800
24.848699827601099
24.305440733157599
26.605303998987200
26.028543215075601
28.216097714991299
27.340054279240999
3.927129459508550
3.941775980056180
3.920156513741360
3.925930940859950
27.747079739614598
29.756177688097800
25.954692243285098
24.070615222749399
22.082735994861800
20.005439761164201
17.911240087535401
15.866368137532900
13.855660508604901
11.865522693115400
9.888395265448439
7.914247365406400
5.937794610577820
3.960808779693000
5.905555409441650
3.944454078005370
7.858614680295660
9.796277241712300
11.710748810246500
13.592738174745200
15.426850545662701
17.192833176373000
18.865445716525400
20.462288479738000
22.067311619188398
23.763927312014200
25.539306355525301
27.313608028677699
29.025029593738399
30.770570691555299
32.628195142062900
32.044495504709701
34.469387012129602
33.916143337665702
36.151302723991598
35.283428907221001
35.746073700753598
37.787345204842801
33.900103505122203
31.951362496390100
29.925771663531201
27.913055488252599
25.978054620213801
24.007675852613399
22.011951450407398
19.989681012688699
17.960916329414999
15.944384135059201
13.935414337433301
11.938951478554600
9.946902210424950
7.958392740910170
5.970430180902220
3.979880144481400
1.981945918214370
1.994073518708810
1.974016515957730
1.965443242804790
1.964136629657070
1.966525208458520
1.975655084067620
3.969181613324030
1.985224762159930
5.949082716146880
7.923799787714780
9.889537334173170
11.842842259356900
13.776090420724300
15.681839904993099
17.545629615230300
19.313238042580799
21.029480060773299
22.725177412442299
24.466048479939701
26.237413017210201
28.013856802629800
29.782087634834699
31.539023360437000
33.350352843841101
35.168176630373601
36.934982397638002
38.723381750249096
40.657174270750900
40.151004739780298
42.581819624841103
42.228474803259999
44.461361825518402
44.208491068506000
46.314848482872101
46.151107412254603
48.158265056608599
48.078262454994700
50.000000000000000
50.000000000000000
0.000000000000000
0.000000000000000
0.000000000000000
0.000000000000000
0.000000000000000
0.000000000000000
0.000000000000000
0.000000000000000
48.000000000000000
50.000000000000000
46.000000000000000
44.000000000000000
42.000000000000000
40.000000000000000
38.000000000000000
36.000000000000000
34.000000000000000
32.000000000000000
30.000000000000000
28.000000000000000
26.000000000000000
24.000000000000000
22.000000000000000
20.000000000000000
18.000000000000000
16.000000000000000
14.000000000000000
12.000000000000000
10.000000000000000
8.000000000000000
6.000000000000000
4.000000000000000
2.000000000000000
0.000000000000000
2.000000000000000
0.000000000000000
4.000000000000000
6.000000000000000
8.000000000000000
10.000000000000000
12.000000000000000
14.000000000000000
16.000000000000000
18.000000000000000
19.785714285714299
21.571428571428601
23.357142857142900
25.142857142857100
26.928571428571399
28.714285714285701
30.500000000000000
32.285714285714299
34.071428571428598
35.857142857142897
37.642857142857103
39.428571428571402
41.214285714285701
43.000000000000000
44.750000000000000
46.500000000000000
48.250000000000000
50.000000000000000
16.809240246771399
15.231878706802600
15.433357102644599
17.197834662913898
18.762001300243899
18.017213057293901
13.461489151026800
13.575148569090500
15.261237959394601
13.475879199489800
16.930548684735001
18.413703985253999
11.678505456741300
11.616642665092900
9.758948302550730
9.725485840029730
7.826413433782690
7.807856073058010
5.868474509506560
5.880943322877320
17.726408765974700
20.040545616488799
15.712845399535199
13.734849507517801
11.773946008126901
9.820221230864639
7.866701526778280
5.906520477810500
7.816543151966560
5.878236492177490
9.737544260159421
11.628566976326001
19.779527046070200
21.277652579356200
23.052862943910100
22.349097800456800
24.848699827601099
24.305440733157599
26.605303998987200
26.028543215075601
28.216097714991299
27.340054279240999
3.927129459508550
3.941775980056180
3.920156513741360
3.925930940859950
27.747079739614598
29.756177688097800
25.954692243285098
24.070615222749399
22.082735994861800
20.005439761164201
17.911240087535401
15.866368137532900
13.855660508604901
11.865522693115400
9.888395265448439
7.914247365406400
5.937794610577820
3.960808779693000
5.905555409441650
3.944454078005370
7.858614680295660
9.796277241712300
11.710748810246500
13.592738174745200
15.426850545662701
17.192833176373000
18.865445716525400
20.462288479738000
22.067311619188398
23.763927312014200
25.539306355525301
27.313608028677699
29.025029593738399
30.770570691555299
32.628195142062900
32.044495504709701
34.469387012129602
33.916143337665702
36.151302723991598
35.283428907221001
35.746073700753598
37.787345204842801
33.900103505122203
31.951362496390100
29.925771663531201
27.913055488252599
25.978054620213801
24.007675852613399
22.011951450407398
19.989681012688699
17.960916329414999
15.944384135059201
13.935414337433301
11.938951478554600
9.946902210424950
7.958392740910170
5.970430180902220
3.979880144481400
1.981945918214370
1.994073518708810
1.974016515957730
1.965443242804790
1.964136629657070
1.966525208458520
1.975655084067620
3.969181613324030
1.985224762159930
5.949082716146880
7.923799787714780
9.889537334173170
11.842842259356900
13.776090420724300
15.681839904993099
17.545629615230300
19.313238042580799
21.029480060773299
22.725177412442299
24.466048479939701
26.237413017210201
28.013856802629800
29.782087634834699
31.539023360437000
33.350352843841101
35.168176630373601
36.934982397638002
38.723381750249096
40.657174270750900
40.151004739780298
42.581819624841103
42.228474803259999
44.461361825518402
44.208491068506000
46.314848482872101
46.151107412254603
48.158265056608599
48.078262454994700
50.000000000000000
50.000000000000000
0.000000000000000
0.000000000000000
0.000000000000000
0.000000000000000
0.000000000000000
0.000000000000000
0.000000000000000
0.000000000000000
48.000000000000000
50.000000000000000
46.000000000000000
44.000000000000000
42.000000000000000
40.000000000000000
38.000000000000000
36.000000000000000
34.000000000000000
32.000000000000000
30.000000000000000
28.000000000000000
26.000000000000000
24.000000000000000
22.000000000000000
20.000000000000000
18.000000000000000
16.000000000000000
14.000000000000000
12.000000000000000
10.000000000000000
8.000000000000000
6.000000000000000
4.000000000000000
2.000000000000000
0.000000000000000
2.000000000000000
0.000000000000000
4.000000000000000
6.000000000000000
8.000000000000000
10.000000000000000
12.000000000000000
14.000000000000000
16.000000000000000
18.000000000000000
19.785714285714299
21.571428571428601
23.357142857142900
25.142857142857100
26.928571428571399
28.714285714285701
30.500000000000000
32.285714285714299
34.071428571428598
35.857142857142897
37.642857142857103
39.428571428571402
41.214285714285701
43.000000000000000
44.750000000000000
46.500000000000000
48.250000000000000
50.000000000000000
16.809240246771399
15.231878706802600
15.433357102644599
17.197834662913898
18.762001300243899
18.017213057293901
13.461489151026800
13.575148569090500
15.261237959394601
13.475879199489800
16.930548684735001
18.413703985253999
11.678505456741300
11.616642665092900
9.758948302550730
9.725485840029730
7.826413433782690
7.807856073058010
5.868474509506560
5.880943322877320
17.726408765974700
20.040545616488799
15.712845399535199
13.734849507517801
11.773946008126901
9.820221230864639
7.866701526778280
5.906520477810500
7.816543151966560
5.878236492177490
9.737544260159421
11.628566976326001
19.779527046070200
21.277652579356200
23.052862943910100
22.349097800456800
24.848699827601099
24.305440733157599
26.605303998987200
26.028543215075601
28.216097714991299
27.340054279240999
3.927129459508550
3.941775980056180
3.920156513741360
3.925930940859950
27.747079739614598
29.756177688097800
25.954692243285098
24.070615222749399
22.082735994861800
20.005439761164201
17.911240087535401
15.866368137532900
13.855660508604901
11.865522693115400
9.888395265448439
7.914247365406400
5.937794610577820
3.960808779693000
5.905555409441650
3.944454078005370
7.858614680295660
9.796277241712300
11.710748810246500
13.592738174745200
15.426850545662701
17.192833176373000
18.865445716525400
20.462288479738000
22.067311619188398
23.763927312014200
25.539306355525301
27.313608028677699
29.025029593738399
30.770570691555299
32.628195142062900
32.044495504709701
34.469387012129602
33.916143337665702
36.151302723991598
35.283428907221001
35.746073700753598
37.787345204842801
33.900103505122203
31.951362496390100
29.925771663531201
27.913055488252599
25.978054620213801
24.007675852613399
22.011951450407398
19.989681012688699
17.960916329414999
15.944384135059201
13.935414337433301
11.938951478554600
9.946902210424950
7.958392740910170
5.970430180902220
3.979880144481400
1.981945918214370
1.994073518708820
1.974016515957730
1.965443242804790
1.964136629657070
1.966525208458520
1.975655084067620
3.969181613324030
1.985224762159930
5.949082716146880
7.923799787714780
9.889537334173170
11.842842259356900
13.776090420724300
15.681839904993099
17.545629615230300
19.313238042580799
21.029480060773299
22.725177412442299
24.466048479939701
26.237413017210201
28.013856802629800
29.782087634834699
31.539023360437000
33.350352843841101
35.168176630373601
36.934982397638002
38.723381750249096
40.657174270750900
40.151004739780298
42.581819624841103
42.228474803259999
44.461361825518402
44.208491068506000
46.314848482872101
46.151107412254603
48.158265056608599
48.078262454994700
50.000000000000000
50.000000000000000
0.000000000000000
0.000000000000000
0.000000000000000
0.000000000000000
0.000000000000000
0.000000000000000
0.000000000000000
0.000000000000000
48.000000000000000
50.000000000000000
46.000000000000000
44.000000000000000
42.000000000000000
40.000000000000000
38.000000000000000
36.000000000000000
34.000000000000000
32.000000000000000
30.000000000000000
28.000000000000000
26.000000000000000
24.000000000000000
22.000000000000000
20.000000000000000
18.000000000000000
16.000000000000000
14.000000000000000
12.000000000000000
10.000000000000000
8.000000000000000
6.000000000000000
4.000000000000000
2.000000000000000
0.000000000000000
2.000000000000000
0.000000000000000
4.000000000000000
6.000000000000000
8.000000000000000
10.000000000000000
12.000000000000000
14.000000000000000
16.000000000000000
18.000000000000000
19.785714285714299
21.571428571428601
23.357142857142900
25.142857142857100
26.928571428571399
28.714285714285701
30.500000000000000
32.285714285714299
34.071428571428598
35.857142857142897
37.642857142857103
39.428571428571402
41.214285714285701
43.000000000000000
44.750000000000000
46.500000000000000
48.250000000000000
50.000000000000000
16.809240246771399
15.231878706802600
15.433357102644599
17.197834662913898
18.762001300243899
18.017213057293901
13.461489151026800
13.575148569090500
15.261237959394601
13.475879199489800
16.930548684735001
18.413703985253999
11.678505456741300
11.616642665092900
9.758948302550730
9.725485840029730
7.826413433782690
7.807856073058010
5.868474509506560
5.880943322877320
17.726408765974700
20.040545616488799
15.712845399535199
13.734849507517801
11.773946008126901
9.820221230864639
7.866701526778280
5.906520477810500
7.816543151966560
5.878236492177500
9.737544260159421
11.628566976326001
19.779527046070200
21.277652579356200
23.052862943910100
22.349097800456800
24.848699827601099
24.305440733157599
26.605303998987200
26.028543215075601
28.216097714991299
27.340054279240999
3.927129459508550
3.941775980056180
3.920156513741360
3.925930940859950
27.747079739614598
29.756177688097800
25.954692243285098
24.070615222749399
22.082735994861800
20.005439761164201
17.911240087535401
15.866368137532900
13.855660508604901
11.865522693115400
9.888395265448439
7.914247365406400
5.937794610577820
3.960808779693000
5.905555409441650
3.944454078005370
7.858614680295660
9.796277241712300
11.710748810246500
13.592738174745200
15.426850545662701
17.192833176373000
18.865445716525400
20.462288479738000
22.067311619188398
23.763927312014200
25.539306355525301
27.313608028677699
29.025029593738399
30.770570691555299
32.628195142062900
32.044495504709701
34.469387012129602
33.916143337665702
36.151302723991598
35.283428907221001
35.746073700753598
37.787345204842801
33.900103505122203
31.951362496390100
29.925771663531201
27.913055488252599
25.978054620213801
24.007675852613399
22.011951450407398
19.989681012688699
17.960916329414999
15.944384135059201
13.935414337433301
11.938951478554600
9.946902210424950
7.958392740910170
5.970430180902220
3.979880144481410
1.981945918214370
1.994073518708820
1.974016515957730
1.965443242804790
1.964136629657070
1.966525208458520
1.975655084067620
3.969181613324030
1.985224762159930
5.949082716146880
7.923799787714780
9.889537334173170
11.842842259356900
13.776090420724300
15.681839904993099
17.545629615230300
19.313238042580799
21.029480060773299
22.725177412442299
24.466048479939701
26.237413017210201
28.013856802629800
29.782087634834699
31.539023360437000
33.350352843841101
35.168176630373601
36.934982397638002
38.723381750249096
40.657174270750900
40.151004739780298
42.581819624841103
42.228474803259999
44.461361825518402
44.208491068506000
46.314848482872101
46.151107412254603
48.158265056608599
48.078262454994700
50.000000000000000
50.000000000000000
0.000000000000000
0.000000000000000
0.000000000000000
0.000000000000000
0.000000000000000
0.000000000000000
0.000000000000000
0.000000000000000
48.000000000000000
50.000000000000000
46.000000000000000
44.000000000000000
42.000000000000000
40.000000000000000
38.000000000000000
36.000000000000000
34.000000000000000
32.000000000000000
30.000000000000000
28.000000000000000
26.000000000000000
24.000000000000000
22.000000000000000
20.000000000000000
18.000000000000000
16.000000000000000
14.000000000000000
12.000000000000000
10.000000000000000
8.000000000000000
6.000000000000000
4.000000000000000
2.000000000000000
0.000000000000000
2.000000000000000
0.000000000000000
4.000000000000000
6.000000000000000
8.000000000000000
10.000000000000000
12.000000000000000
14.000000000000000
16.000000000000000
18.000000000000000
19.785714285714299
21.571428571428601
23.357142857142900
25.142857142857100
26.928571428571399
28.714285714285701
30.500000000000000
32.285714285714299
34.071428571428598
35.857142857142897
37.642857142857103
39.428571428571402
41.214285714285701
43.000000000000000
44.750000000000000
46.500000000000000
48.250000000000000
50.000000000000000
16.809240246771399
15.231878706802600
15.433357102644599
17.197834662913898
18.762001300243899
18.017213057293901
13.461489151026800
13.575148569090500
15.261237959394601
13.475879199489800
16.930548684735001
18.413703985253999
11.678505456741300
11.616642665092900
9.758948302550730
9.725485840029730
7.826413433782690
7.807856073058010
5.868474509506560
5.880943322877320
17.726408765974700
20.040545616488700
15.712845399535199
13.734849507517801
11.773946008126901
9.820221230864639
7.866701526778280
5.906520477810500
7.816543151966560
5.878236492177500
9.737544260159421
11.628566976326001
19.779527046070200
21.277652579356200
23.052862943910100
22.349097800456800
24.848699827601099
24.305440733157599
26.605303998987200
26.028543215075601
28.216097714991299
27.340054279240999
3.927129459508550
3.941775980056180
3.920156513741360
3.925930940859950
27.747079739614598
29.756177688097800
25.954692243285098
24.070615222749399
22.082735994861800
20.005439761164201
17.911240087535401
15.866368137532900
13.855660508604901
11.865522693115400
9.888395265448439
7.914247365406410
5.937794610577820
3.960808779693000
5.905555409441650
3.944454078005370
7.858614680295660
9.796277241712300
11.710748810246500
13.592738174745200
15.426850545662701
17.192833176373000
18.865445716525400
20.462288479738000
22.067311619188398
23.763927312014200
25.539306355525301
27.313608028677699
29.025029593738399
30.770570691555299
32.628195142062900
32.044495504709701
34.469387012129602
33.916143337665702
36.151302723991598
35.283428907221001
35.746073700753598
37.787345204842801
33.900103505122203
31.951362496390100
29.925771663531201
27.913055488252599
25.978054620213801
24.007675852613399
22.011951450407398
19.989681012688699
17.960916329414999
15.944384135059201
13.935414337433301
11.938951478554600
9.946902210424961
7.958392740910170
5.970430180902220
3.979880144481410
1.981945918214370
1.994073518708820
1.974016515957730
1.965443242804790
1.964136629657070
1.966525208458520
1.975655084067620
3.969181613324030
1.985224762159930
5.949082716146880
7.923799787714780
9.889537334173170
11.842842259356900
13.776090420724300
15.681839904993099
17.545629615230300
19.313238042580799
21.029480060773299
22.725177412442299
24.466048479939701
26.237413017210201
28.013856802629800
29.782087634834699
31.539023360437000
33.350352843841101
35.168176630373601
36.934982397638002
38.723381750249096
40.657174270750900
40.151004739780298
42.581819624841103
42.228474803259999
44.461361825518402
44.208491068506000
46.314848482872101
46.151107412254603
48.158265056608599
48.078262454994700
50.000000000000000
50.000000000000000
0.000000000000000
0.000000000000000
0.000000000000000
0.000000000000000
0.000000000000000
0.000000000000000
0.000000000000000
0.000000000000000
48.000000000000000
50.000000000000000
46.000000000000000
44.000000000000000
42.000000000000000
40.000000000000000
38.000000000000000
36.000000000000000
34.000000000000000
32.000000000000000
30.000000000000000
28.000000000000000
26.000000000000000
24.000000000000000
22.000000000000000
20.000000000000000
18.000000000000000
16.000000000000000
14.000000000000000
12.000000000000000
10.000000000000000
8.000000000000000
6.000000000000000
4.000000000000000
2.000000000000000
0.000000000000000
2.000000000000000
0.000000000000000
4.000000000000000
6.000000000000000
8.000000000000000
10.000000000000000
12.000000000000000
14.000000000000000
16.000000000000000
18.000000000000000
19.785714285714299
21.571428571428601
23.357142857142900
25.142857142857100
26.928571428571399
28.714285714285701
30.500000000000000
32.285714285714299
34.071428571428598
35.857142857142897
37.642857142857103
39.428571428571402
41.214285714285701
43.000000000000000
44.750000000000000
46.500000000000000
48.250000000000000
50.000000000000000
16.809240246771399
15.231878706802600
15.433357102644599
17.197834662913898
18.762001300243899
18.017213057293901
13.461489151026800
13.575148569090500
15.261237959394601
13.475879199489800
16.930548684735001
18.413703985253999
11.678505456741300
11.616642665092900
9.758948302550730
9.725485840029730
7.826413433782690
7.807856073058010
5.868474509506560
5.880943322877330
17.726408765974700
20.040545616488799
15.712845399535199
13.734849507517801
11.773946008126901
9.820221230864639
7.866701526778280
5.906520477810500
7.816543151966560
5.878236492177500
9.737544260159421
11.628566976326001
19.779527046070200
21.277652579356200
23.052862943910100
22.349097800456800
24.848699827601099
24.305440733157599
26.605303998987200
26.028543215075601
28.216097714991299
27.340054279240999
3.927129459508550
3.941775980056180
3.920156513741360
3.925930940859950
27.747079739614598
29.756177688097800
25.954692243285098
24.070615222749399
22.082735994861800
20.005439761164201
17.911240087535401
15.866368137532900
13.855660508604901
11.865522693115400
9.888395265448450
7.914247365406410
5.937794610577820
3.960808779693000
5.905555409441650
3.944454078005370
7.858614680295660
9.796277241712300
11.710748810246500
13.592738174745200
15.426850545662701
17.192833176373000
18.865445716525400
20.462288479738000
22.067311619188398
23.763927312014200
25.539306355525301
27.313608028677699
29.025029593738399
30.770570691555299
32.628195142062900
32.044495504709701
34.469387012129602
33.916143337665702
36.151302723991598
35.283428907221001
35.746073700753598
37.787345204842801
33.900103505122203
31.951362496390100
29.925771663531201
27.913055488252599
25.978054620213801
24.007675852613399
22.011951450407398
19.989681012688699
17.960916329414999
15.944384135059201
13.935414337433301
11.938951478554600
9.946902210424961
7.958392740910170
5.970430180902220
3.979880144481410
1.981945918214380
1.994073518708820
1.974016515957730
1.965443242804800
1.964136629657070
1.966525208458520
1.975655084067630
3.969181613324030
1.985224762159930
5.949082716146880
7.923799787714780
9.889537334173170
11.842842259356900
13.776090420724300
15.681839904993099
17.545629615230300
19.313238042580799
21.029480060773299
22.725177412442299
24.466048479939701
26.237413017210201
28.013856802629800
29.782087634834699
31.539023360437000
33.350352843841101
35.168176630373601
36.934982397638002
38.723381750249096
40.657174270750900
40.151004739780298
42.581819624841103
42.228474803259999
44.461361825518402
44.208491068506000
46.314848482872101
46.151107412254603
48.158265056608599
48.078262454994700
50.000000000000000
50.000000000000000
0.000000000000000
0.000000000000000
0.000000000000000
0.000000000000000
0.000000000000000
0.000000000000000
0.000000000000000
0.000000000000000
48.000000000000000
50.000000000000000
46.000000000000000
44.000000000000000
42.000000000000000
40.000000000000000
38.000000000000000
36.000000000000000
34.000000000000000
32.000000000000000
30.000000000000000
28.000000000000000
26.000000000000000
24.000000000000000
22.000000000000000
20.000000000000000
18.000000000000000
16.000000000000000
14.000000000000000
12.000000000000000
10.000000000000000
8.000000000000000
6.000000000000000
4.000000000000000
2.000000000000000
0.000000000000000
2.000000000000000
0.000000000000000
4.000000000000000
6.000000000000000
8.000000000000000
10.000000000000000
12.000000000000000
14.000000000000000
16.000000000000000
18.000000000000000
19.785714285714299
21.571428571428601
23.357142857142900
25.142857142857100
26.928571428571399
28.714285714285701
30.500000000000000
32.285714285714299
34.071428571428598
35.857142857142897
37.642857142857103
39.428571428571402
41.214285714285701
43.000000000000000
44.750000000000000
46.500000000000000
48.250000000000000
50.000000000000000
16.809240246771399
15.231878706802600
15.433357102644599
17.197834662913898
18.762001300243899
18.017213057293901
13.461489151026800
13.575148569090500
15.261237959394601
13.475879199489800
16.930548684735001
18.413703985253999
11.678505456741300
11.616642665092900
9.758948302550721
9.725485840029730
7.826413433782690
7.807856073058010
5.868474509506560
5.880943322877320
17.726408765974700
20.040545616488799
15.712845399535199
13.734849507517801
11.773946008126901
9.820221230864639
7.866701526778280
5.906520477810500
7.816543151966560
5.878236492177490
9.737544260159410
11.628566976326001
19.779527046070200
21.277652579356200
23.052862943910100
22.349097800456800
24.848699827601099
24.305440733157599
26.605303998987200
26.028543215075601
28.216097714991299
27.340054279240999
3.927129459508550
3.941775980056180
3.920156513741360
3.925930940859950
27.747079739614598
29.756177688097800
25.954692243285098
24.070615222749399
22.082735994861800
20.005439761164201
17.911240087535401
15.866368137532900
13.855660508604901
11.865522693115400
9.888395265448439
7.914247365406400
5.937794610577820
3.960808779693000
5.905555409441650
3.944454078005360
7.858614680295660
9.796277241712300
11.710748810246500
13.592738174745200
15.426850545662701
17.192833176373000
18.865445716525400
20.462288479738000
22.067311619188398
23.763927312014200
25.539306355525301
27.313608028677699
29.025029593738399
30.770570691555299
32.628195142062900
32.044495504709701
34.469387012129602
33.916143337665702
36.151302723991598
35.283428907221001
35.746073700753598
37.787345204842801
33.900103505122203
31.951362496390100
29.925771663531201
27.913055488252599
25.978054620213801
24.007675852613399
22.011951450407398
19.989681012688699
17.960916329414999
15.944384135059201
13.935414337433301
11.938951478554600
9.946902210424950
7.958392740910170
5.970430180902220
3.979880144481400
1.981945918214370
1.994073518708810
1.974016515957730
1.965443242804790
1.964136629657070
1.966525208458510
1.975655084067620
3.969181613324030
1.985224762159930
5.949082716146880
7.923799787714780
9.889537334173159
11.842842259356900
13.776090420724300
15.681839904993099
17.545629615230300
19.313238042580799
21.029480060773299
22.725177412442299
24.466048479939701
26.237413017210201
28.013856802629800
29.782087634834699
31.539023360437000
33.350352843841101
35.168176630373601
36.934982397638002
38.723381750249096
40.657174270750900
40.151004739780298
42.581819624841103
42.228474803259999
44.461361825518402
44.208491068506000
46.314848482872101
46.151107412254603
48.158265056608599
48.078262454994700
50.000000000000000
50.000000000000000
0.000000000000000
0.000000000000000
0.000000000000000
0.000000000000000
0.000000000000000
0.000000000000000
0.000000000000000
0.000000000000000
48.000000000000000
50.000000000000000
46.000000000000000
44.000000000000000
42.000000000000000
40.000000000000000
38.000000000000000
36.000000000000000
34.000000000000000
32.000000000000000
30.000000000000000
28.000000000000000
26.000000000000000
24.000000000000000
22.000000000000000
20.000000000000000
18.000000000000000
16.000000000000000
14.000000000000000
12.000000000000000
10.000000000000000
8.000000000000000
6.000000000000000
4.000000000000000
2.000000000000000
0.000000000000000
2.000000000000000
0.000000000000000
4.000000000000000
6.000000000000000
8.000000000000000
10.000000000000000
12.000000000000000
14.000000000000000
16.000000000000000
18.000000000000000
19.785714285714299
21.571428571428601
23.357142857142900
25.142857142857100
26.928571428571399
28.714285714285701
30.500000000000000
32.285714285714299
34.071428571428598
35.857142857142897
37.642857142857103
39.428571428571402
41.214285714285701
43.000000000000000
44.750000000000000
46.500000000000000
48.250000000000000
50.000000000000000
