2 0.0
2698
1 6
2 6
3 6
4 6
5 6
6 6
7 6
8 6
9 6
10 6
11 6
12 6
13 6
14 6
15 6
16 6
17 6
18 6
19 6
20 6
21 6
22 6
23 6
24 6
25 6
26 6
27 6
28 6
29 6
30 6
31 6
32 6
33 6
34 6
35 6
36 6
37 6
38 6
39 6
40 6
41 6
42 6
43 6
44 6
45 6
46 6
47 6
48 6
49 6
50 6
51 6
52 6
53 6
54 6
55 6
56 6
57 6
58 6
59 6
60 6
61 6
62 6
63 6
64 6
65 6
66 6
67 6
68 6
69 6
70 6
71 6
72 6
73 6
74 6
75 6
76 6
77 6
78 6
79 6
80 6
81 6
82 6
83 6
84 6
85 6
86 6
87 6
88 6
89 6
90 6
91 6
92 6
93 6
94 6
95 6
96 6
97 6
98 6
99 6
100 6
101 6
102 6
103 6
104 6
105 6
106 6
107 6
108 6
109 6
110 6
111 6
112 6
113 6
114 6
115 6
116 6
117 6
118 6
119 6
120 6
121 6
122 6
123 6
124 6
125 6
126 6
127 6
128 6
129 6
130 6
131 6
132 6
133 6
134 6
135 6
136 6
137 6
138 6
139 6
140 6
141 6
142 6
143 6
144 6
145 6
146 6
147 6
148 6
149 6
150 6
151 6
152 6
153 6
154 6
155 6
156 6
157 6
158 6
159 6
160 6
161 6
162 6
163 6
164 6
165 6
166 6
167 6
168 6
169 6
170 6
171 6
172 6
173 6
174 6
175 6
176 6
177 6
178 6
179 6
180 6
181 6
182 6
183 6
184 6
185 6
186 6
187 6
188 6
189 6
190 6
191 6
192 6
193 6
194 6
195 6
196 6
197 6
198 6
199 6
200 6
201 6
202 6
203 6
204 6
205 6
206 6
207 6
208 6
209 6
210 6
211 6
212 6
213 6
214 6
215 6
216 6
217 6
218 6
219 6
220 6
221 6
222 6
223 6
224 6
225 6
226 6
227 6
228 6
229 6
230 6
231 6
232 6
233 6
234 6
235 6
236 6
237 6
238 6
239 6
240 6
241 6
242 6
243 6
244 6
245 6
246 6
247 6
248 6
249 6
250 6
251 6
252 6
253 6
254 6
255 6
256 6
257 6
258 6
259 6
260 6
261 6
262 6
263 6
264 6
265 6
266 6
267 6
268 6
269 6
270 6
271 6
272 6
273 6
274 6
275 6
276 6
277 6
278 6
279 6
280 6
281 6
282 6
283 6
284 6
285 6
286 6
287 6
288 6
289 6
290 6
291 6
292 6
293 6
9377 5
9378 5
9379 5
9380 5
9381 5
9382 5
9383 5
9384 5
9385 5
9386 5
9387 5
9388 5
9389 5
9390 5
9391 5
9392 5
9393 5
9394 5
9395 5
9396 5
9397 5
9398 5
9399 5
9400 5
9401 5
9402 5
9403 5
9404 5
9405 5
9406 5
9407 5
9408 5
9409 5
9410 5
9411 5
9412 5
9413 5
9414 5
9415 5
9416 5
9417 5
9418 5
9419 5
9420 5
9421 5
9422 5
9423 5
9424 5
9425 5
9426 5
9427 5
9428 5
9429 5
9430 5
9431 5
9432 5
9433 5
9434 5
9435 5
9436 5
9437 5
9438 5
9439 5
9440 5
9441 5
9442 5
9443 5
9444 5
9445 5
9446 5
9447 5
9448 5
9449 5
9450 5
9451 5
9452 5
9453 5
9454 5
9455 5
9456 5
9457 5
9458 5
9459 5
9460 5
9461 5
9462 5
9463 5
9464 5
9465 5
9466 5
9467 5
9468 5
9469 5
9470 5
9471 5
9472 5
9473 5
9474 5
9475 5
9476 5
9477 5
9478 5
9479 5
9480 5
9481 5
9482 5
9483 5
9484 5
9485 5
9486 5
9487 5
9488 5
9489 5
9490 5
9491 5
9492 5
9493 5
9494 5
9495 5
9496 5
9497 5
9498 5
9499 5
9500 5
9501 5
9502 5
9503 5
9504 5
9505 5
9506 5
9507 5
9508 5
9509 5
9510 5
9511 5
9512 5
9513 5
9514 5
9515 5
9516 5
9517 5
9518 5
9519 5
9520 5
9521 5
9522 5
9523 5
9524 5
9525 5
9526 5
9527 5
9528 5
9529 5
9530 5
9531 5
9532 5
9533 5
9534 5
9535 5
9536 5
9537 5
9538 5
9539 5
9540 5
9541 5
9542 5
9543 5
9544 5
9545 5
9546 5
9547 5
9548 5
9549 5
9550 5
9551 5
9552 5
9553 5
9554 5
9555 5
9556 5
9557 5
9558 5
9559 5
9560 5
9561 5
9562 5
9563 5
9564 5
9565 5
9566 5
9567 5
9568 5
9569 5
9570 5
9571 5
9572 5
9573 5
9574 5
9575 5
9576 5
9577 5
9578 5
9579 5
9580 5
9581 5
9582 5
9583 5
9584 5
9585 5
9586 5
9587 5
9588 5
9589 5
9590 5
9591 5
9592 5
9593 5
9594 5
9595 5
9596 5
9597 5
9598 5
9599 5
9600 5
9601 5
9602 5
9603 5
9604 5
9605 5
9606 5
9607 5
9608 5
9609 5
9610 5
9611 5
9612 5
9613 5
9614 5
9615 5
9616 5
9617 5
9618 5
9619 5
9620 5
9621 5
9622 5
9623 5
9624 5
9625 5
9626 5
9627 5
9628 5
9629 5
9630 5
9631 5
9632 5
9633 5
9634 5
9635 5
9636 5
9637 5
9638 5
9639 5
9640 5
9641 5
9642 5
9643 5
9644 5
9645 5
9646 5
9647 5
9648 5
9649 5
9650 5
9651 5
9652 5
9653 5
9654 5
9655 5
9656 5
9657 5
9658 5
9659 5
9660 5
9661 5
9662 5
9663 5
9664 5
9665 5
9666 5
9667 5
9668 5
9669 5
67 1
68 1
69 1
70 1
71 1
72 1
73 1
74 1
75 1
76 1
77 1
78 1
79 1
80 1
81 1
82 1
83 1
84 1
85 1
86 1
87 1
88 1
89 1
90 1
91 1
92 1
93 1
94 1
95 1
96 1
97 1
98 1
99 1
100 1
101 1
102 1
103 1
104 1
105 1
106 1
107 1
108 1
109 1
110 1
111 1
112 1
113 1
114 1
115 1
116 1
117 1
118 1
119 1
120 1
159 1
192 1
194 1
196 1
197 1
224 1
245 1
247 1
248 3
249 1
360 1
361 1
362 1
363 1
364 1
365 1
366 1
367 1
368 1
369 1
370 1
371 1
372 1
373 1
374 1
375 1
376 1
377 1
378 1
379 1
380 1
381 1
382 1
383 1
384 1
385 1
386 1
387 1
388 1
389 1
390 1
391 1
392 1
393 1
394 1
395 1
396 1
397 1
398 1
399 1
400 1
401 1
402 1
403 1
404 1
405 1
406 1
407 1
408 1
409 1
410 1
411 1
412 1
413 1
452 1
485 1
487 1
489 1
490 1
517 1
538 1
540 1
541 3
542 1
653 1
654 1
655 1
656 1
657 1
658 1
659 1
660 1
661 1
662 1
663 1
664 1
665 1
666 1
667 1
668 1
669 1
670 1
671 1
672 1
673 1
674 1
675 1
676 1
677 1
678 1
679 1
680 1
681 1
682 1
683 1
684 1
685 1
686 1
687 1
688 1
689 1
690 1
691 1
692 1
693 1
694 1
695 1
696 1
697 1
698 1
699 1
700 1
701 1
702 1
703 1
704 1
705 1
706 1
745 1
778 1
780 1
782 1
783 1
810 1
831 1
833 1
834 3
835 1
946 1
947 1
948 1
949 1
950 1
951 1
952 1
953 1
954 1
955 1
956 1
957 1
958 1
959 1
960 1
961 1
962 1
963 1
964 1
965 1
966 1
967 1
968 1
969 1
970 1
971 1
972 1
973 1
974 1
975 1
976 1
977 1
978 1
979 1
980 1
981 1
982 1
983 1
984 1
985 1
986 1
987 1
988 1
989 1
990 1
991 1
992 1
993 1
994 1
995 1
996 1
997 1
998 1
999 1
1038 1
1071 1
1073 1
1075 1
1076 1
1103 1
1124 1
1126 1
1127 3
1128 1
1239 1
1240 1
1241 1
1242 1
1243 1
1244 1
1245 1
1246 1
1247 1
1248 1
1249 1
1250 1
1251 1
1252 1
1253 1
1254 1
1255 1
1256 1
1257 1
1258 1
1259 1
1260 1
1261 1
1262 1
1263 1
1264 1
1265 1
1266 1
1267 1
1268 1
1269 1
1270 1
1271 1
1272 1
1273 1
1274 1
1275 1
1276 1
1277 1
1278 1
1279 1
1280 1
1281 1
1282 1
1283 1
1284 1
1285 1
1286 1
1287 1
1288 1
1289 1
1290 1
1291 1
1292 1
1331 1
1364 1
1366 1
1368 1
1369 1
1396 1
1417 1
1419 1
1420 3
1421 1
1532 1
1533 1
1534 1
1535 1
1536 1
1537 1
1538 1
1539 1
1540 1
1541 1
1542 1
1543 1
1544 1
1545 1
1546 1
1547 1
1548 1
1549 1
1550 1
1551 1
1552 1
1553 1
1554 1
1555 1
1556 1
1557 1
1558 1
1559 1
1560 1
1561 1
1562 1
1563 1
1564 1
1565 1
1566 1
1567 1
1568 1
1569 1
1570 1
1571 1
1572 1
1573 1
1574 1
1575 1
1576 1
1577 1
1578 1
1579 1
1580 1
1581 1
1582 1
1583 1
1584 1
1585 1
1624 1
1657 1
1659 1
1661 1
1662 1
1689 1
1710 1
1712 1
1713 3
1714 1
1825 1
1826 1
1827 1
1828 1
1829 1
1830 1
1831 1
1832 1
1833 1
1834 1
1835 1
1836 1
1837 1
1838 1
1839 1
1840 1
1841 1
1842 1
1843 1
1844 1
1845 1
1846 1
1847 1
1848 1
1849 1
1850 1
1851 1
1852 1
1853 1
1854 1
1855 1
1856 1
1857 1
1858 1
1859 1
1860 1
1861 1
1862 1
1863 1
1864 1
1865 1
1866 1
1867 1
1868 1
1869 1
1870 1
1871 1
1872 1
1873 1
1874 1
1875 1
1876 1
1877 1
1878 1
1917 1
1950 1
1952 1
1954 1
1955 1
1982 1
2003 1
2005 1
2006 3
2007 1
2118 1
2119 1
2120 1
2121 1
2122 1
2123 1
2124 1
2125 1
2126 1
2127 1
2128 1
2129 1
2130 1
2131 1
2132 1
2133 1
2134 1
2135 1
2136 1
2137 1
2138 1
2139 1
2140 1
2141 1
2142 1
2143 1
2144 1
2145 1
2146 1
2147 1
2148 1
2149 1
2150 1
2151 1
2152 1
2153 1
2154 1
2155 1
2156 1
2157 1
2158 1
2159 1
2160 1
2161 1
2162 1
2163 1
2164 1
2165 1
2166 1
2167 1
2168 1
2169 1
2170 1
2171 1
2210 1
2243 1
2245 1
2247 1
2248 1
2275 1
2296 1
2298 1
2299 3
2300 1
2411 1
2412 1
2413 1
2414 1
2415 1
2416 1
2417 1
2418 1
2419 1
2420 1
2421 1
2422 1
2423 1
2424 1
2425 1
2426 1
2427 1
2428 1
2429 1
2430 1
2431 1
2432 1
2433 1
2434 1
2435 1
2436 1
2437 1
2438 1
2439 1
2440 1
2441 1
2442 1
2443 1
2444 1
2445 1
2446 1
2447 1
2448 1
2449 1
2450 1
2451 1
2452 1
2453 1
2454 1
2455 1
2456 1
2457 1
2458 1
2459 1
2460 1
2461 1
2462 1
2463 1
2464 1
2503 1
2536 1
2538 1
2540 1
2541 1
2568 1
2589 1
2591 1
2592 3
2593 1
2704 1
2705 1
2706 1
2707 1
2708 1
2709 1
2710 1
2711 1
2712 1
2713 1
2714 1
2715 1
2716 1
2717 1
2718 1
2719 1
2720 1
2721 1
2722 1
2723 1
2724 1
2725 1
2726 1
2727 1
2728 1
2729 1
2730 1
2731 1
2732 1
2733 1
2734 1
2735 1
2736 1
2737 1
2738 1
2739 1
2740 1
2741 1
2742 1
2743 1
2744 1
2745 1
2746 1
2747 1
2748 1
2749 1
2750 1
2751 1
2752 1
2753 1
2754 1
2755 1
2756 1
2757 1
2796 1
2829 1
2831 1
2833 1
2834 1
2861 1
2882 1
2884 1
2885 3
2886 1
2997 1
2998 1
2999 1
3000 1
3001 1
3002 1
3003 1
3004 1
3005 1
3006 1
3007 1
3008 1
3009 1
3010 1
3011 1
3012 1
3013 1
3014 1
3015 1
3016 1
3017 1
3018 1
3019 1
3020 1
3021 1
3022 1
3023 1
3024 1
3025 1
3026 1
3027 1
3028 1
3029 1
3030 1
3031 1
3032 1
3033 1
3034 1
3035 1
3036 1
3037 1
3038 1
3039 1
3040 1
3041 1
3042 1
3043 1
3044 1
3045 1
3046 1
3047 1
3048 1
3049 1
3050 1
3089 1
3122 1
3124 1
3126 1
3127 1
3154 1
3175 1
3177 1
3178 3
3179 1
3290 1
3291 1
3292 1
3293 1
3294 1
3295 1
3296 1
3297 1
3298 1
3299 1
3300 1
3301 1
3302 1
3303 1
3304 1
3305 1
3306 1
3307 1
3308 1
3309 1
3310 1
3311 1
3312 1
3313 1
3314 1
3315 1
3316 1
3317 1
3318 1
3319 1
3320 1
3321 1
3322 1
3323 1
3324 1
3325 1
3326 1
3327 1
3328 1
3329 1
3330 1
3331 1
3332 1
3333 1
3334 1
3335 1
3336 1
3337 1
3338 1
3339 1
3340 1
3341 1
3342 1
3343 1
3382 1
3415 1
3417 1
3419 1
3420 1
3447 1
3468 1
3470 1
3471 3
3472 1
3583 1
3584 1
3585 1
3586 1
3587 1
3588 1
3589 1
3590 1
3591 1
3592 1
3593 1
3594 1
3595 1
3596 1
3597 1
3598 1
3599 1
3600 1
3601 1
3602 1
3603 1
3604 1
3605 1
3606 1
3607 1
3608 1
3609 1
3610 1
3611 1
3612 1
3613 1
3614 1
3615 1
3616 1
3617 1
3618 1
3619 1
3620 1
3621 1
3622 1
3623 1
3624 1
3625 1
3626 1
3627 1
3628 1
3629 1
3630 1
3631 1
3632 1
3633 1
3634 1
3635 1
3636 1
3675 1
3708 1
3710 1
3712 1
3713 1
3740 1
3761 1
3763 1
3764 3
3765 1
3876 1
3877 1
3878 1
3879 1
3880 1
3881 1
3882 1
3883 1
3884 1
3885 1
3886 1
3887 1
3888 1
3889 1
3890 1
3891 1
3892 1
3893 1
3894 1
3895 1
3896 1
3897 1
3898 1
3899 1
3900 1
3901 1
3902 1
3903 1
3904 1
3905 1
3906 1
3907 1
3908 1
3909 1
3910 1
3911 1
3912 1
3913 1
3914 1
3915 1
3916 1
3917 1
3918 1
3919 1
3920 1
3921 1
3922 1
3923 1
3924 1
3925 1
3926 1
3927 1
3928 1
3929 1
3968 1
4001 1
4003 1
4005 1
4006 1
4033 1
4054 1
4056 1
4057 3
4058 1
4169 1
4170 1
4171 1
4172 1
4173 1
4174 1
4175 1
4176 1
4177 1
4178 1
4179 1
4180 1
4181 1
4182 1
4183 1
4184 1
4185 1
4186 1
4187 1
4188 1
4189 1
4190 1
4191 1
4192 1
4193 1
4194 1
4195 1
4196 1
4197 1
4198 1
4199 1
4200 1
4201 1
4202 1
4203 1
4204 1
4205 1
4206 1
4207 1
4208 1
4209 1
4210 1
4211 1
4212 1
4213 1
4214 1
4215 1
4216 1
4217 1
4218 1
4219 1
4220 1
4221 1
4222 1
4261 1
4294 1
4296 1
4298 1
4299 1
4326 1
4347 1
4349 1
4350 3
4351 1
4462 1
4463 1
4464 1
4465 1
4466 1
4467 1
4468 1
4469 1
4470 1
4471 1
4472 1
4473 1
4474 1
4475 1
4476 1
4477 1
4478 1
4479 1
4480 1
4481 1
4482 1
4483 1
4484 1
4485 1
4486 1
4487 1
4488 1
4489 1
4490 1
4491 1
4492 1
4493 1
4494 1
4495 1
4496 1
4497 1
4498 1
4499 1
4500 1
4501 1
4502 1
4503 1
4504 1
4505 1
4506 1
4507 1
4508 1
4509 1
4510 1
4511 1
4512 1
4513 1
4514 1
4515 1
4554 1
4587 1
4589 1
4591 1
4592 1
4619 1
4640 1
4642 1
4643 3
4644 1
4755 1
4756 1
4757 1
4758 1
4759 1
4760 1
4761 1
4762 1
4763 1
4764 1
4765 1
4766 1
4767 1
4768 1
4769 1
4770 1
4771 1
4772 1
4773 1
4774 1
4775 1
4776 1
4777 1
4778 1
4779 1
4780 1
4781 1
4782 1
4783 1
4784 1
4785 1
4786 1
4787 1
4788 1
4789 1
4790 1
4791 1
4792 1
4793 1
4794 1
4795 1
4796 1
4797 1
4798 1
4799 1
4800 1
4801 1
4802 1
4803 1
4804 1
4805 1
4806 1
4807 1
4808 1
4847 1
4880 1
4882 1
4884 1
4885 1
4912 1
4933 1
4935 1
4936 3
4937 1
5048 1
5049 1
5050 1
5051 1
5052 1
5053 1
5054 1
5055 1
5056 1
5057 1
5058 1
5059 1
5060 1
5061 1
5062 1
5063 1
5064 1
5065 1
5066 1
5067 1
5068 1
5069 1
5070 1
5071 1
5072 1
5073 1
5074 1
5075 1
5076 1
5077 1
5078 1
5079 1
5080 1
5081 1
5082 1
5083 1
5084 1
5085 1
5086 1
5087 1
5088 1
5089 1
5090 1
5091 1
5092 1
5093 1
5094 1
5095 1
5096 1
5097 1
5098 1
5099 1
5100 1
5101 1
5140 1
5173 1
5175 1
5177 1
5178 1
5205 1
5226 1
5228 1
5229 3
5230 1
5341 1
5342 1
5343 1
5344 1
5345 1
5346 1
5347 1
5348 1
5349 1
5350 1
5351 1
5352 1
5353 1
5354 1
5355 1
5356 1
5357 1
5358 1
5359 1
5360 1
5361 1
5362 1
5363 1
5364 1
5365 1
5366 1
5367 1
5368 1
5369 1
5370 1
5371 1
5372 1
5373 1
5374 1
5375 1
5376 1
5377 1
5378 1
5379 1
5380 1
5381 1
5382 1
5383 1
5384 1
5385 1
5386 1
5387 1
5388 1
5389 1
5390 1
5391 1
5392 1
5393 1
5394 1
5433 1
5466 1
5468 1
5470 1
5471 1
5498 1
5519 1
5521 1
5522 3
5523 1
5634 1
5635 1
5636 1
5637 1
5638 1
5639 1
5640 1
5641 1
5642 1
5643 1
5644 1
5645 1
5646 1
5647 1
5648 1
5649 1
5650 1
5651 1
5652 1
5653 1
5654 1
5655 1
5656 1
5657 1
5658 1
5659 1
5660 1
5661 1
5662 1
5663 1
5664 1
5665 1
5666 1
5667 1
5668 1
5669 1
5670 1
5671 1
5672 1
5673 1
5674 1
5675 1
5676 1
5677 1
5678 1
5679 1
5680 1
5681 1
5682 1
5683 1
5684 1
5685 1
5686 1
5687 1
5726 1
5759 1
5761 1
5763 1
5764 1
5791 1
5812 1
5814 1
5815 3
5816 1
5927 1
5928 1
5929 1
5930 1
5931 1
5932 1
5933 1
5934 1
5935 1
5936 1
5937 1
5938 1
5939 1
5940 1
5941 1
5942 1
5943 1
5944 1
5945 1
5946 1
5947 1
5948 1
5949 1
5950 1
5951 1
5952 1
5953 1
5954 1
5955 1
5956 1
5957 1
5958 1
5959 1
5960 1
5961 1
5962 1
5963 1
5964 1
5965 1
5966 1
5967 1
5968 1
5969 1
5970 1
5971 1
5972 1
5973 1
5974 1
5975 1
5976 1
5977 1
5978 1
5979 1
5980 1
6019 1
6052 1
6054 1
6056 1
6057 1
6084 1
6105 1
6107 1
6108 3
6109 1
6220 1
6221 1
6222 1
6223 1
6224 1
6225 1
6226 1
6227 1
6228 1
6229 1
6230 1
6231 1
6232 1
6233 1
6234 1
6235 1
6236 1
6237 1
6238 1
6239 1
6240 1
6241 1
6242 1
6243 1
6244 1
6245 1
6246 1
6247 1
6248 1
6249 1
6250 1
6251 1
6252 1
6253 1
6254 1
6255 1
6256 1
6257 1
6258 1
6259 1
6260 1
6261 1
6262 1
6263 1
6264 1
6265 1
6266 1
6267 1
6268 1
6269 1
6270 1
6271 1
6272 1
6273 1
6312 1
6345 1
6347 1
6349 1
6350 1
6377 1
6398 1
6400 1
6401 3
6402 1
6513 1
6514 1
6515 1
6516 1
6517 1
6518 1
6519 1
6520 1
6521 1
6522 1
6523 1
6524 1
6525 1
6526 1
6527 1
6528 1
6529 1
6530 1
6531 1
6532 1
6533 1
6534 1
6535 1
6536 1
6537 1
6538 1
6539 1
6540 1
6541 1
6542 1
6543 1
6544 1
6545 1
6546 1
6547 1
6548 1
6549 1
6550 1
6551 1
6552 1
6553 1
6554 1
6555 1
6556 1
6557 1
6558 1
6559 1
6560 1
6561 1
6562 1
6563 1
6564 1
6565 1
6566 1
6605 1
6638 1
6640 1
6642 1
6643 1
6670 1
6691 1
6693 1
6694 3
6695 1
6806 1
6807 1
6808 1
6809 1
6810 1
6811 1
6812 1
6813 1
6814 1
6815 1
6816 1
6817 1
6818 1
6819 1
6820 1
6821 1
6822 1
6823 1
6824 1
6825 1
6826 1
6827 1
6828 1
6829 1
6830 1
6831 1
6832 1
6833 1
6834 1
6835 1
6836 1
6837 1
6838 1
6839 1
6840 1
6841 1
6842 1
6843 1
6844 1
6845 1
6846 1
6847 1
6848 1
6849 1
6850 1
6851 1
6852 1
6853 1
6854 1
6855 1
6856 1
6857 1
6858 1
6859 1
6898 1
6931 1
6933 1
6935 1
6936 1
6963 1
6984 1
6986 1
6987 3
6988 1
7099 1
7100 1
7101 1
7102 1
7103 1
7104 1
7105 1
7106 1
7107 1
7108 1
7109 1
7110 1
7111 1
7112 1
7113 1
7114 1
7115 1
7116 1
7117 1
7118 1
7119 1
7120 1
7121 1
7122 1
7123 1
7124 1
7125 1
7126 1
7127 1
7128 1
7129 1
7130 1
7131 1
7132 1
7133 1
7134 1
7135 1
7136 1
7137 1
7138 1
7139 1
7140 1
7141 1
7142 1
7143 1
7144 1
7145 1
7146 1
7147 1
7148 1
7149 1
7150 1
7151 1
7152 1
7191 1
7224 1
7226 1
7228 1
7229 1
7256 1
7277 1
7279 1
7280 3
7281 1
7392 1
7393 1
7394 1
7395 1
7396 1
7397 1
7398 1
7399 1
7400 1
7401 1
7402 1
7403 1
7404 1
7405 1
7406 1
7407 1
7408 1
7409 1
7410 1
7411 1
7412 1
7413 1
7414 1
7415 1
7416 1
7417 1
7418 1
7419 1
7420 1
7421 1
7422 1
7423 1
7424 1
7425 1
7426 1
7427 1
7428 1
7429 1
7430 1
7431 1
7432 1
7433 1
7434 1
7435 1
7436 1
7437 1
7438 1
7439 1
7440 1
7441 1
7442 1
7443 1
7444 1
7445 1
7484 1
7517 1
7519 1
7521 1
7522 1
7549 1
7570 1
7572 1
7573 3
7574 1
7685 1
7686 1
7687 1
7688 1
7689 1
7690 1
7691 1
7692 1
7693 1
7694 1
7695 1
7696 1
7697 1
7698 1
7699 1
7700 1
7701 1
7702 1
7703 1
7704 1
7705 1
7706 1
7707 1
7708 1
7709 1
7710 1
7711 1
7712 1
7713 1
7714 1
7715 1
7716 1
7717 1
7718 1
7719 1
7720 1
7721 1
7722 1
7723 1
7724 1
7725 1
7726 1
7727 1
7728 1
7729 1
7730 1
7731 1
7732 1
7733 1
7734 1
7735 1
7736 1
7737 1
7738 1
7777 1
7810 1
7812 1
7814 1
7815 1
7842 1
7863 1
7865 1
7866 3
7867 1
7978 1
7979 1
7980 1
7981 1
7982 1
7983 1
7984 1
7985 1
7986 1
7987 1
7988 1
7989 1
7990 1
7991 1
7992 1
7993 1
7994 1
7995 1
7996 1
7997 1
7998 1
7999 1
8000 1
8001 1
8002 1
8003 1
8004 1
8005 1
8006 1
8007 1
8008 1
8009 1
8010 1
8011 1
8012 1
8013 1
8014 1
8015 1
8016 1
8017 1
8018 1
8019 1
8020 1
8021 1
8022 1
8023 1
8024 1
8025 1
8026 1
8027 1
8028 1
8029 1
8030 1
8031 1
8070 1
8103 1
8105 1
8107 1
8108 1
8135 1
8156 1
8158 1
8159 3
8160 1
8271 1
8272 1
8273 1
8274 1
8275 1
8276 1
8277 1
8278 1
8279 1
8280 1
8281 1
8282 1
8283 1
8284 1
8285 1
8286 1
8287 1
8288 1
8289 1
8290 1
8291 1
8292 1
8293 1
8294 1
8295 1
8296 1
8297 1
8298 1
8299 1
8300 1
8301 1
8302 1
8303 1
8304 1
8305 1
8306 1
8307 1
8308 1
8309 1
8310 1
8311 1
8312 1
8313 1
8314 1
8315 1
8316 1
8317 1
8318 1
8319 1
8320 1
8321 1
8322 1
8323 1
8324 1
8363 1
8396 1
8398 1
8400 1
8401 1
8428 1
8449 1
8451 1
8452 3
8453 1
8564 1
8565 1
8566 1
8567 1
8568 1
8569 1
8570 1
8571 1
8572 1
8573 1
8574 1
8575 1
8576 1
8577 1
8578 1
8579 1
8580 1
8581 1
8582 1
8583 1
8584 1
8585 1
8586 1
8587 1
8588 1
8589 1
8590 1
8591 1
8592 1
8593 1
8594 1
8595 1
8596 1
8597 1
8598 1
8599 1
8600 1
8601 1
8602 1
8603 1
8604 1
8605 1
8606 1
8607 1
8608 1
8609 1
8610 1
8611 1
8612 1
8613 1
8614 1
8615 1
8616 1
8617 1
8656 1
8689 1
8691 1
8693 1
8694 1
8721 1
8742 1
8744 1
8745 3
8746 1
8857 1
8858 1
8859 1
8860 1
8861 1
8862 1
8863 1
8864 1
8865 1
8866 1
8867 1
8868 1
8869 1
8870 1
8871 1
8872 1
8873 1
8874 1
8875 1
8876 1
8877 1
8878 1
8879 1
8880 1
8881 1
8882 1
8883 1
8884 1
8885 1
8886 1
8887 1
8888 1
8889 1
8890 1
8891 1
8892 1
8893 1
8894 1
8895 1
8896 1
8897 1
8898 1
8899 1
8900 1
8901 1
8902 1
8903 1
8904 1
8905 1
8906 1
8907 1
8908 1
8909 1
8910 1
8949 1
8982 1
8984 1
8986 1
8987 1
9014 1
9035 1
9037 1
9038 3
9039 1
9150 1
9151 1
9152 1
9153 1
9154 1
9155 1
9156 1
9157 1
9158 1
9159 1
9160 1
9161 1
9162 1
9163 1
9164 1
9165 1
9166 1
9167 1
9168 1
9169 1
9170 1
9171 1
9172 1
9173 1
9174 1
9175 1
9176 1
9177 1
9178 1
9179 1
9180 1
9181 1
9182 1
9183 1
9184 1
9185 1
9186 1
9187 1
9188 1
9189 1
9190 1
9191 1
9192 1
9193 1
9194 1
9195 1
9196 1
9197 1
9198 1
9199 1
9200 1
9201 1
9202 1
9203 1
9242 1
9275 1
9277 1
9279 1
9280 1
9307 1
9328 1
9330 1
9331 3
9332 1
9443 1
9444 1
9445 1
9446 1
9447 1
9448 1
9449 1
9450 1
9451 1
9452 1
9453 1
9454 1
9455 1
9456 1
9457 1
9458 1
9459 1
9460 1
9461 1
9462 1
9463 1
9464 1
9465 1
9466 1
9467 1
9468 1
9469 1
9470 1
9471 1
9472 1
9473 1
9474 1
9475 1
9476 1
9477 1
9478 1
9479 1
9480 1
9481 1
9482 1
9483 1
9484 1
9485 1
9486 1
9487 1
9488 1
9489 1
9490 1
9491 1
9492 1
9493 1
9494 1
9495 1
9496 1
9535 1
9568 1
9570 1
9572 1
9573 1
9600 1
9621 1
9623 1
9624 3
9625 1
