4180
27591 5
27592 5
27593 5
27594 5
27595 5
27596 5
27597 5
27598 5
27599 5
27600 5
27601 5
27602 5
27603 5
27604 5
27605 5
27606 5
27607 5
27608 5
27609 5
27610 5
27611 5
27612 5
27613 5
27614 5
27615 5
27616 5
27617 5
27618 5
27619 5
27620 5
27621 5
27622 5
27623 5
27624 5
27625 5
27626 5
27627 5
27628 5
27629 5
27630 5
27631 5
27632 5
27633 5
27634 5
27635 5
27636 5
27637 5
27638 5
27639 5
27640 5
27641 5
27642 5
27643 5
27644 5
27645 5
27646 5
27647 5
27648 5
27649 5
27650 5
27651 5
27652 5
27653 5
27654 5
27655 5
27656 5
27657 5
27658 5
27659 5
27660 5
27661 5
27662 5
27663 5
27664 5
27665 5
27666 5
27667 5
27668 5
27669 5
27670 5
27671 5
27672 5
27673 5
27674 5
27675 5
27676 5
27677 5
27678 5
27679 5
27680 5
27681 5
27682 5
27683 5
27684 5
27685 5
27686 5
27687 5
27688 5
27689 5
27690 5
27691 5
27692 5
27693 5
27694 5
27695 5
27696 5
27697 5
27698 5
27699 5
27700 5
27701 5
27702 5
27703 5
27704 5
27705 5
27706 5
27707 5
27708 5
27709 5
27710 5
27711 5
27712 5
27713 5
27714 5
27715 5
27716 5
27717 5
27718 5
27719 5
27720 5
27721 5
27722 5
27723 5
27724 5
27725 5
27726 5
27727 5
27728 5
27729 5
27730 5
27731 5
27732 5
27733 5
27734 5
27735 5
27736 5
27737 5
27738 5
27739 5
27740 5
27741 5
27742 5
27743 5
27744 5
27745 5
27746 5
27747 5
27748 5
27749 5
27750 5
27751 5
27752 5
27753 5
27754 5
27755 5
27756 5
27757 5
27758 5
27759 5
27760 5
27761 5
27762 5
27763 5
27764 5
27765 5
27766 5
27767 5
27768 5
27769 5
27770 5
27771 5
27772 5
27773 5
27774 5
27775 5
27776 5
27777 5
27778 5
27779 5
27780 5
27781 5
27782 5
27783 5
27784 5
27785 5
27786 5
27787 5
27788 5
27789 5
27790 5
27791 5
27792 5
27793 5
27794 5
27795 5
27796 5
27797 5
27798 5
27799 5
27800 5
27801 5
27802 5
27803 5
27804 5
27805 5
27806 5
27807 5
27808 5
27809 5
27810 5
27811 5
27812 5
27813 5
27814 5
27815 5
27816 5
27817 5
27818 5
27819 5
27820 5
27821 5
27822 5
27823 5
27824 5
27825 5
27826 5
27827 5
27828 5
27829 5
27830 5
27831 5
27832 5
27833 5
27834 5
27835 5
27836 5
27837 5
27838 5
27839 5
27840 5
27841 5
27842 5
27843 5
27844 5
27845 5
27846 5
27847 5
27848 5
27849 5
27850 5
27851 5
27852 5
27853 5
27854 5
27855 5
27856 5
27857 5
27858 5
27859 5
27860 5
27861 5
27862 5
27863 5
27864 5
27865 5
27866 5
27867 5
27868 5
27869 5
27870 5
27871 5
27872 5
27873 5
27874 5
27875 5
27876 5
27877 5
27878 5
27879 5
27880 5
27881 5
27882 5
27883 5
27884 5
27885 5
27886 5
27887 5
27888 5
27889 5
27890 5
27891 5
27892 5
27893 5
27894 5
27895 5
27896 5
27897 5
27898 5
27899 5
27900 5
27901 5
27902 5
27903 5
27904 5
27905 5
27906 5
27907 5
27908 5
27909 5
27910 5
27911 5
27912 5
27913 5
27914 5
27915 5
27916 5
27917 5
27918 5
27919 5
27920 5
27921 5
27922 5
27923 5
27924 5
27925 5
27926 5
27927 5
27928 5
27929 5
27930 5
27931 5
27932 5
27933 5
27934 5
27935 5
27936 5
27937 5
27938 5
27939 5
27940 5
27941 5
27942 5
27943 5
27944 5
27945 5
27946 5
27947 5
27948 5
27949 5
27950 5
27951 5
27952 5
27953 5
27954 5
27955 5
27956 5
27957 5
27958 5
27959 5
27960 5
27961 5
27962 5
27963 5
27964 5
27965 5
27966 5
27967 5
27968 5
27969 5
27970 5
27971 5
27972 5
27973 5
27974 5
27975 5
27976 5
27977 5
27978 5
27979 5
27980 5
27981 5
27982 5
27983 5
27984 5
27985 5
27986 5
27987 5
27988 5
27989 5
27990 5
27991 5
27992 5
27993 5
27994 5
27995 5
27996 5
27997 5
27998 5
27999 5
28000 5
28001 5
28002 5
28003 5
28004 5
28005 5
28006 5
28007 5
28008 5
28009 5
28010 5
28011 5
28012 5
28013 5
28014 5
28015 5
28016 5
28017 5
28018 5
28019 5
28020 5
28021 5
28022 5
28023 5
28024 5
28025 5
28026 5
28027 5
28028 5
28029 5
28030 5
28031 5
28032 5
28033 5
28034 5
28035 5
28036 5
28037 5
28038 5
28039 5
28040 5
28041 5
28042 5
28043 5
28044 5
28045 5
28046 5
28047 5
28048 5
28049 5
28050 5
28051 5
28052 5
28053 5
28054 5
28055 5
28056 5
28057 5
28058 5
28059 5
28060 5
28061 5
28062 5
28063 5
28064 5
28065 5
28066 5
28067 5
28068 5
28069 5
28070 5
28071 5
28072 5
28073 5
28074 5
28075 5
28076 5
28077 5
28078 5
28079 5
28080 5
28081 5
28082 5
28083 5
28084 5
28085 5
28086 5
28087 5
28088 5
28089 5
28090 5
28091 5
28092 5
28093 5
28094 5
28095 5
28096 5
28097 5
28098 5
28099 5
28100 5
28101 5
28102 5
28103 5
28104 5
28105 5
28106 5
28107 5
28108 5
28109 5
28110 5
28111 5
28112 5
28113 5
28114 5
28115 5
28116 5
28117 5
28118 5
28119 5
28120 5
28121 5
28122 5
28123 5
28124 5
28125 5
28126 5
28127 5
28128 5
28129 5
28130 5
28131 5
28132 5
28133 5
28134 5
28135 5
28136 5
28137 5
28138 5
28139 5
28140 5
28141 5
28142 5
28143 5
28144 5
28145 5
28146 5
28147 5
28148 5
28149 5
28150 5
28151 5
28152 5
28153 5
28154 5
28155 5
28156 5
28157 5
28158 5
28159 5
28160 5
28161 5
28162 5
28163 5
28164 5
28165 5
28166 5
28167 5
28168 5
28169 5
28170 5
28171 5
28172 5
28173 5
28174 5
28175 5
28176 5
28177 5
28178 5
28179 5
28180 5
28181 5
28182 5
28183 5
28184 5
28185 5
28186 5
28187 5
28188 5
28189 5
28190 5
28191 5
28192 5
28193 5
28194 5
28195 5
28196 5
28197 5
28198 5
28199 5
28200 5
28201 5
28202 5
28203 5
28204 5
28205 5
28206 5
28207 5
28208 5
28209 5
28210 5
28211 5
28212 5
28213 5
28214 5
28215 5
28216 5
28217 5
28218 5
28219 5
28220 5
28221 5
28222 5
28223 5
28224 5
28225 5
28226 5
28227 5
28228 5
28229 5
28230 5
28231 5
28232 5
28233 5
28234 5
28235 5
28236 5
28237 5
28238 5
28239 5
28240 5
28241 5
28242 5
28243 5
28244 5
28245 5
28246 5
28247 5
28248 5
28249 5
28250 5
28251 5
28252 5
28253 5
28254 5
28255 5
28256 5
28257 5
28258 5
28259 5
28260 5
28261 5
28262 5
28263 5
28264 5
28265 5
28266 5
28267 5
28268 5
28269 5
28270 5
28271 5
28272 5
28273 5
28274 5
28275 5
28276 5
28277 5
28278 5
28279 5
28280 5
28281 5
28282 5
28283 5
28284 5
28285 5
28286 5
28287 5
28288 5
28289 5
28290 5
28291 5
28292 5
28293 5
28294 5
28295 5
28296 5
28297 5
28298 5
28299 5
28300 5
28301 5
28302 5
28303 5
28304 5
28305 5
28306 5
28307 5
28308 5
28309 5
28310 5
28311 5
28312 5
28313 5
28314 5
28315 5
28316 5
28317 5
28318 5
28319 5
28320 5
28321 5
28322 5
28323 5
28324 5
28325 5
28326 5
28327 5
28328 5
28329 5
28330 5
28331 5
28332 5
28333 5
28334 5
28335 5
28336 5
28337 5
28338 5
28339 5
28340 5
28341 5
28342 5
28343 5
28344 5
28345 5
28346 5
28347 5
28348 5
28349 5
28350 5
28351 5
28352 5
28353 5
28354 5
28355 5
28356 5
28357 5
28358 5
28359 5
28360 5
28361 5
28362 5
28363 5
28364 5
28365 5
28366 5
28367 5
28368 5
28369 5
28370 5
28371 5
28372 5
28373 5
28374 5
28375 5
28376 5
28377 5
28378 5
28379 5
28380 5
28381 5
28382 5
28383 5
28384 5
28385 5
28386 5
28387 5
28388 5
28389 5
28390 5
28391 5
28392 5
28393 5
28394 5
28395 5
28396 5
28397 5
28398 5
28399 5
28400 5
28401 5
28402 5
28403 5
28404 5
28405 5
28406 5
28407 5
28408 5
28409 5
28410 5
28411 5
28412 5
28413 5
28414 5
28415 5
28416 5
28417 5
28418 5
28419 5
28420 5
28421 5
28422 5
28423 5
28424 5
28425 5
28426 5
28427 5
28428 5
28429 5
28430 5
28431 5
28432 5
28433 5
28434 5
28435 5
28436 5
28437 5
28438 5
28439 5
28440 5
28441 5
28442 5
28443 5
28444 5
28445 5
28446 5
28447 5
28448 5
28449 5
28450 5
28451 5
28452 5
28453 5
28454 5
28455 5
28456 5
28457 5
28458 5
28459 5
28460 5
28461 5
28462 5
28463 5
28464 5
28465 5
28466 5
28467 5
28468 5
28469 5
28470 5
28471 5
28472 5
28473 5
28474 5
28475 5
28476 5
28477 5
28478 5
28479 5
28480 5
1 6
2 6
3 6
4 6
5 6
6 6
7 6
8 6
9 6
10 6
11 6
12 6
13 6
14 6
15 6
16 6
17 6
18 6
19 6
20 6
21 6
22 6
23 6
24 6
25 6
26 6
27 6
28 6
29 6
30 6
31 6
32 6
33 6
34 6
35 6
36 6
37 6
38 6
39 6
40 6
41 6
42 6
43 6
44 6
45 6
46 6
47 6
48 6
49 6
50 6
51 6
52 6
53 6
54 6
55 6
56 6
57 6
58 6
59 6
60 6
61 6
62 6
63 6
64 6
65 6
66 6
67 6
68 6
69 6
70 6
71 6
72 6
73 6
74 6
75 6
76 6
77 6
78 6
79 6
80 6
81 6
82 6
83 6
84 6
85 6
86 6
87 6
88 6
89 6
90 6
91 6
92 6
93 6
94 6
95 6
96 6
97 6
98 6
99 6
100 6
101 6
102 6
103 6
104 6
105 6
106 6
107 6
108 6
109 6
110 6
111 6
112 6
113 6
114 6
115 6
116 6
117 6
118 6
119 6
120 6
121 6
122 6
123 6
124 6
125 6
126 6
127 6
128 6
129 6
130 6
131 6
132 6
133 6
134 6
135 6
136 6
137 6
138 6
139 6
140 6
141 6
142 6
143 6
144 6
145 6
146 6
147 6
148 6
149 6
150 6
151 6
152 6
153 6
154 6
155 6
156 6
157 6
158 6
159 6
160 6
161 6
162 6
163 6
164 6
165 6
166 6
167 6
168 6
169 6
170 6
171 6
172 6
173 6
174 6
175 6
176 6
177 6
178 6
179 6
180 6
181 6
182 6
183 6
184 6
185 6
186 6
187 6
188 6
189 6
190 6
191 6
192 6
193 6
194 6
195 6
196 6
197 6
198 6
199 6
200 6
201 6
202 6
203 6
204 6
205 6
206 6
207 6
208 6
209 6
210 6
211 6
212 6
213 6
214 6
215 6
216 6
217 6
218 6
219 6
220 6
221 6
222 6
223 6
224 6
225 6
226 6
227 6
228 6
229 6
230 6
231 6
232 6
233 6
234 6
235 6
236 6
237 6
238 6
239 6
240 6
241 6
242 6
243 6
244 6
245 6
246 6
247 6
248 6
249 6
250 6
251 6
252 6
253 6
254 6
255 6
256 6
257 6
258 6
259 6
260 6
261 6
262 6
263 6
264 6
265 6
266 6
267 6
268 6
269 6
270 6
271 6
272 6
273 6
274 6
275 6
276 6
277 6
278 6
279 6
280 6
281 6
282 6
283 6
284 6
285 6
286 6
287 6
288 6
289 6
290 6
291 6
292 6
293 6
294 6
295 6
296 6
297 6
298 6
299 6
300 6
301 6
302 6
303 6
304 6
305 6
306 6
307 6
308 6
309 6
310 6
311 6
312 6
313 6
314 6
315 6
316 6
317 6
318 6
319 6
320 6
321 6
322 6
323 6
324 6
325 6
326 6
327 6
328 6
329 6
330 6
331 6
332 6
333 6
334 6
335 6
336 6
337 6
338 6
339 6
340 6
341 6
342 6
343 6
344 6
345 6
346 6
347 6
348 6
349 6
350 6
351 6
352 6
353 6
354 6
355 6
356 6
357 6
358 6
359 6
360 6
361 6
362 6
363 6
364 6
365 6
366 6
367 6
368 6
369 6
370 6
371 6
372 6
373 6
374 6
375 6
376 6
377 6
378 6
379 6
380 6
381 6
382 6
383 6
384 6
385 6
386 6
387 6
388 6
389 6
390 6
391 6
392 6
393 6
394 6
395 6
396 6
397 6
398 6
399 6
400 6
401 6
402 6
403 6
404 6
405 6
406 6
407 6
408 6
409 6
410 6
411 6
412 6
413 6
414 6
415 6
416 6
417 6
418 6
419 6
420 6
421 6
422 6
423 6
424 6
425 6
426 6
427 6
428 6
429 6
430 6
431 6
432 6
433 6
434 6
435 6
436 6
437 6
438 6
439 6
440 6
441 6
442 6
443 6
444 6
445 6
446 6
447 6
448 6
449 6
450 6
451 6
452 6
453 6
454 6
455 6
456 6
457 6
458 6
459 6
460 6
461 6
462 6
463 6
464 6
465 6
466 6
467 6
468 6
469 6
470 6
471 6
472 6
473 6
474 6
475 6
476 6
477 6
478 6
479 6
480 6
481 6
482 6
483 6
484 6
485 6
486 6
487 6
488 6
489 6
490 6
491 6
492 6
493 6
494 6
495 6
496 6
497 6
498 6
499 6
500 6
501 6
502 6
503 6
504 6
505 6
506 6
507 6
508 6
509 6
510 6
511 6
512 6
513 6
514 6
515 6
516 6
517 6
518 6
519 6
520 6
521 6
522 6
523 6
524 6
525 6
526 6
527 6
528 6
529 6
530 6
531 6
532 6
533 6
534 6
535 6
536 6
537 6
538 6
539 6
540 6
541 6
542 6
543 6
544 6
545 6
546 6
547 6
548 6
549 6
550 6
551 6
552 6
553 6
554 6
555 6
556 6
557 6
558 6
559 6
560 6
561 6
562 6
563 6
564 6
565 6
566 6
567 6
568 6
569 6
570 6
571 6
572 6
573 6
574 6
575 6
576 6
577 6
578 6
579 6
580 6
581 6
582 6
583 6
584 6
585 6
586 6
587 6
588 6
589 6
590 6
591 6
592 6
593 6
594 6
595 6
596 6
597 6
598 6
599 6
600 6
601 6
602 6
603 6
604 6
605 6
606 6
607 6
608 6
609 6
610 6
611 6
612 6
613 6
614 6
615 6
616 6
617 6
618 6
619 6
620 6
621 6
622 6
623 6
624 6
625 6
626 6
627 6
628 6
629 6
630 6
631 6
632 6
633 6
634 6
635 6
636 6
637 6
638 6
639 6
640 6
641 6
642 6
643 6
644 6
645 6
646 6
647 6
648 6
649 6
650 6
651 6
652 6
653 6
654 6
655 6
656 6
657 6
658 6
659 6
660 6
661 6
662 6
663 6
664 6
665 6
666 6
667 6
668 6
669 6
670 6
671 6
672 6
673 6
674 6
675 6
676 6
677 6
678 6
679 6
680 6
681 6
682 6
683 6
684 6
685 6
686 6
687 6
688 6
689 6
690 6
691 6
692 6
693 6
694 6
695 6
696 6
697 6
698 6
699 6
700 6
701 6
702 6
703 6
704 6
705 6
706 6
707 6
708 6
709 6
710 6
711 6
712 6
713 6
714 6
715 6
716 6
717 6
718 6
719 6
720 6
721 6
722 6
723 6
724 6
725 6
726 6
727 6
728 6
729 6
730 6
731 6
732 6
733 6
734 6
735 6
736 6
737 6
738 6
739 6
740 6
741 6
742 6
743 6
744 6
745 6
746 6
747 6
748 6
749 6
750 6
751 6
752 6
753 6
754 6
755 6
756 6
757 6
758 6
759 6
760 6
761 6
762 6
763 6
764 6
765 6
766 6
767 6
768 6
769 6
770 6
771 6
772 6
773 6
774 6
775 6
776 6
777 6
778 6
779 6
780 6
781 6
782 6
783 6
784 6
785 6
786 6
787 6
788 6
789 6
790 6
791 6
792 6
793 6
794 6
795 6
796 6
797 6
798 6
799 6
800 6
801 6
802 6
803 6
804 6
805 6
806 6
807 6
808 6
809 6
810 6
811 6
812 6
813 6
814 6
815 6
816 6
817 6
818 6
819 6
820 6
821 6
822 6
823 6
824 6
825 6
826 6
827 6
828 6
829 6
830 6
831 6
832 6
833 6
834 6
835 6
836 6
837 6
838 6
839 6
840 6
841 6
842 6
843 6
844 6
845 6
846 6
847 6
848 6
849 6
850 6
851 6
852 6
853 6
854 6
855 6
856 6
857 6
858 6
859 6
860 6
861 6
862 6
863 6
864 6
865 6
866 6
867 6
868 6
869 6
870 6
871 6
872 6
873 6
874 6
875 6
876 6
877 6
878 6
879 6
880 6
881 6
882 6
883 6
884 6
885 6
886 6
887 6
888 6
889 6
890 6
53 1
54 1
55 1
56 1
57 1
58 1
59 1
60 1
61 1
62 1
63 1
64 1
65 1
66 1
67 1
68 1
69 1
70 1
71 1
72 1
73 1
74 1
75 1
76 1
77 1
78 1
79 1
80 1
81 1
82 1
83 1
84 1
85 1
86 1
87 1
88 1
89 1
90 1
91 1
92 1
93 1
94 1
95 1
96 1
943 1
944 1
945 1
946 1
947 1
948 1
949 1
950 1
951 1
952 1
953 1
954 1
955 1
956 1
957 1
958 1
959 1
960 1
961 1
962 1
963 1
964 1
965 1
966 1
967 1
968 1
969 1
970 1
971 1
972 1
973 1
974 1
975 1
976 1
977 1
978 1
979 1
980 1
981 1
982 1
983 1
984 1
985 1
986 1
1833 1
1834 1
1835 1
1836 1
1837 1
1838 1
1839 1
1840 1
1841 1
1842 1
1843 1
1844 1
1845 1
1846 1
1847 1
1848 1
1849 1
1850 1
1851 1
1852 1
1853 1
1854 1
1855 1
1856 1
1857 1
1858 1
1859 1
1860 1
1861 1
1862 1
1863 1
1864 1
1865 1
1866 1
1867 1
1868 1
1869 1
1870 1
1871 1
1872 1
1873 1
1874 1
1875 1
1876 1
2723 1
2724 1
2725 1
2726 1
2727 1
2728 1
2729 1
2730 1
2731 1
2732 1
2733 1
2734 1
2735 1
2736 1
2737 1
2738 1
2739 1
2740 1
2741 1
2742 1
2743 1
2744 1
2745 1
2746 1
2747 1
2748 1
2749 1
2750 1
2751 1
2752 1
2753 1
2754 1
2755 1
2756 1
2757 1
2758 1
2759 1
2760 1
2761 1
2762 1
2763 1
2764 1
2765 1
2766 1
3613 1
3614 1
3615 1
3616 1
3617 1
3618 1
3619 1
3620 1
3621 1
3622 1
3623 1
3624 1
3625 1
3626 1
3627 1
3628 1
3629 1
3630 1
3631 1
3632 1
3633 1
3634 1
3635 1
3636 1
3637 1
3638 1
3639 1
3640 1
3641 1
3642 1
3643 1
3644 1
3645 1
3646 1
3647 1
3648 1
3649 1
3650 1
3651 1
3652 1
3653 1
3654 1
3655 1
3656 1
4503 1
4504 1
4505 1
4506 1
4507 1
4508 1
4509 1
4510 1
4511 1
4512 1
4513 1
4514 1
4515 1
4516 1
4517 1
4518 1
4519 1
4520 1
4521 1
4522 1
4523 1
4524 1
4525 1
4526 1
4527 1
4528 1
4529 1
4530 1
4531 1
4532 1
4533 1
4534 1
4535 1
4536 1
4537 1
4538 1
4539 1
4540 1
4541 1
4542 1
4543 1
4544 1
4545 1
4546 1
5393 1
5394 1
5395 1
5396 1
5397 1
5398 1
5399 1
5400 1
5401 1
5402 1
5403 1
5404 1
5405 1
5406 1
5407 1
5408 1
5409 1
5410 1
5411 1
5412 1
5413 1
5414 1
5415 1
5416 1
5417 1
5418 1
5419 1
5420 1
5421 1
5422 1
5423 1
5424 1
5425 1
5426 1
5427 1
5428 1
5429 1
5430 1
5431 1
5432 1
5433 1
5434 1
5435 1
5436 1
6283 1
6284 1
6285 1
6286 1
6287 1
6288 1
6289 1
6290 1
6291 1
6292 1
6293 1
6294 1
6295 1
6296 1
6297 1
6298 1
6299 1
6300 1
6301 1
6302 1
6303 1
6304 1
6305 1
6306 1
6307 1
6308 1
6309 1
6310 1
6311 1
6312 1
6313 1
6314 1
6315 1
6316 1
6317 1
6318 1
6319 1
6320 1
6321 1
6322 1
6323 1
6324 1
6325 1
6326 1
7173 1
7174 1
7175 1
7176 1
7177 1
7178 1
7179 1
7180 1
7181 1
7182 1
7183 1
7184 1
7185 1
7186 1
7187 1
7188 1
7189 1
7190 1
7191 1
7192 1
7193 1
7194 1
7195 1
7196 1
7197 1
7198 1
7199 1
7200 1
7201 1
7202 1
7203 1
7204 1
7205 1
7206 1
7207 1
7208 1
7209 1
7210 1
7211 1
7212 1
7213 1
7214 1
7215 1
7216 1
8063 1
8064 1
8065 1
8066 1
8067 1
8068 1
8069 1
8070 1
8071 1
8072 1
8073 1
8074 1
8075 1
8076 1
8077 1
8078 1
8079 1
8080 1
8081 1
8082 1
8083 1
8084 1
8085 1
8086 1
8087 1
8088 1
8089 1
8090 1
8091 1
8092 1
8093 1
8094 1
8095 1
8096 1
8097 1
8098 1
8099 1
8100 1
8101 1
8102 1
8103 1
8104 1
8105 1
8106 1
8953 1
8954 1
8955 1
8956 1
8957 1
8958 1
8959 1
8960 1
8961 1
8962 1
8963 1
8964 1
8965 1
8966 1
8967 1
8968 1
8969 1
8970 1
8971 1
8972 1
8973 1
8974 1
8975 1
8976 1
8977 1
8978 1
8979 1
8980 1
8981 1
8982 1
8983 1
8984 1
8985 1
8986 1
8987 1
8988 1
8989 1
8990 1
8991 1
8992 1
8993 1
8994 1
8995 1
8996 1
9843 1
9844 1
9845 1
9846 1
9847 1
9848 1
9849 1
9850 1
9851 1
9852 1
9853 1
9854 1
9855 1
9856 1
9857 1
9858 1
9859 1
9860 1
9861 1
9862 1
9863 1
9864 1
9865 1
9866 1
9867 1
9868 1
9869 1
9870 1
9871 1
9872 1
9873 1
9874 1
9875 1
9876 1
9877 1
9878 1
9879 1
9880 1
9881 1
9882 1
9883 1
9884 1
9885 1
9886 1
10733 1
10734 1
10735 1
10736 1
10737 1
10738 1
10739 1
10740 1
10741 1
10742 1
10743 1
10744 1
10745 1
10746 1
10747 1
10748 1
10749 1
10750 1
10751 1
10752 1
10753 1
10754 1
10755 1
10756 1
10757 1
10758 1
10759 1
10760 1
10761 1
10762 1
10763 1
10764 1
10765 1
10766 1
10767 1
10768 1
10769 1
10770 1
10771 1
10772 1
10773 1
10774 1
10775 1
10776 1
11623 1
11624 1
11625 1
11626 1
11627 1
11628 1
11629 1
11630 1
11631 1
11632 1
11633 1
11634 1
11635 1
11636 1
11637 1
11638 1
11639 1
11640 1
11641 1
11642 1
11643 1
11644 1
11645 1
11646 1
11647 1
11648 1
11649 1
11650 1
11651 1
11652 1
11653 1
11654 1
11655 1
11656 1
11657 1
11658 1
11659 1
11660 1
11661 1
11662 1
11663 1
11664 1
11665 1
11666 1
12513 1
12514 1
12515 1
12516 1
12517 1
12518 1
12519 1
12520 1
12521 1
12522 1
12523 1
12524 1
12525 1
12526 1
12527 1
12528 1
12529 1
12530 1
12531 1
12532 1
12533 1
12534 1
12535 1
12536 1
12537 1
12538 1
12539 1
12540 1
12541 1
12542 1
12543 1
12544 1
12545 1
12546 1
12547 1
12548 1
12549 1
12550 1
12551 1
12552 1
12553 1
12554 1
12555 1
12556 1
13403 1
13404 1
13405 1
13406 1
13407 1
13408 1
13409 1
13410 1
13411 1
13412 1
13413 1
13414 1
13415 1
13416 1
13417 1
13418 1
13419 1
13420 1
13421 1
13422 1
13423 1
13424 1
13425 1
13426 1
13427 1
13428 1
13429 1
13430 1
13431 1
13432 1
13433 1
13434 1
13435 1
13436 1
13437 1
13438 1
13439 1
13440 1
13441 1
13442 1
13443 1
13444 1
13445 1
13446 1
14293 1
14294 1
14295 1
14296 1
14297 1
14298 1
14299 1
14300 1
14301 1
14302 1
14303 1
14304 1
14305 1
14306 1
14307 1
14308 1
14309 1
14310 1
14311 1
14312 1
14313 1
14314 1
14315 1
14316 1
14317 1
14318 1
14319 1
14320 1
14321 1
14322 1
14323 1
14324 1
14325 1
14326 1
14327 1
14328 1
14329 1
14330 1
14331 1
14332 1
14333 1
14334 1
14335 1
14336 1
15183 1
15184 1
15185 1
15186 1
15187 1
15188 1
15189 1
15190 1
15191 1
15192 1
15193 1
15194 1
15195 1
15196 1
15197 1
15198 1
15199 1
15200 1
15201 1
15202 1
15203 1
15204 1
15205 1
15206 1
15207 1
15208 1
15209 1
15210 1
15211 1
15212 1
15213 1
15214 1
15215 1
15216 1
15217 1
15218 1
15219 1
15220 1
15221 1
15222 1
15223 1
15224 1
15225 1
15226 1
16073 1
16074 1
16075 1
16076 1
16077 1
16078 1
16079 1
16080 1
16081 1
16082 1
16083 1
16084 1
16085 1
16086 1
16087 1
16088 1
16089 1
16090 1
16091 1
16092 1
16093 1
16094 1
16095 1
16096 1
16097 1
16098 1
16099 1
16100 1
16101 1
16102 1
16103 1
16104 1
16105 1
16106 1
16107 1
16108 1
16109 1
16110 1
16111 1
16112 1
16113 1
16114 1
16115 1
16116 1
16963 1
16964 1
16965 1
16966 1
16967 1
16968 1
16969 1
16970 1
16971 1
16972 1
16973 1
16974 1
16975 1
16976 1
16977 1
16978 1
16979 1
16980 1
16981 1
16982 1
16983 1
16984 1
16985 1
16986 1
16987 1
16988 1
16989 1
16990 1
16991 1
16992 1
16993 1
16994 1
16995 1
16996 1
16997 1
16998 1
16999 1
17000 1
17001 1
17002 1
17003 1
17004 1
17005 1
17006 1
17853 1
17854 1
17855 1
17856 1
17857 1
17858 1
17859 1
17860 1
17861 1
17862 1
17863 1
17864 1
17865 1
17866 1
17867 1
17868 1
17869 1
17870 1
17871 1
17872 1
17873 1
17874 1
17875 1
17876 1
17877 1
17878 1
17879 1
17880 1
17881 1
17882 1
17883 1
17884 1
17885 1
17886 1
17887 1
17888 1
17889 1
17890 1
17891 1
17892 1
17893 1
17894 1
17895 1
17896 1
18743 1
18744 1
18745 1
18746 1
18747 1
18748 1
18749 1
18750 1
18751 1
18752 1
18753 1
18754 1
18755 1
18756 1
18757 1
18758 1
18759 1
18760 1
18761 1
18762 1
18763 1
18764 1
18765 1
18766 1
18767 1
18768 1
18769 1
18770 1
18771 1
18772 1
18773 1
18774 1
18775 1
18776 1
18777 1
18778 1
18779 1
18780 1
18781 1
18782 1
18783 1
18784 1
18785 1
18786 1
19633 1
19634 1
19635 1
19636 1
19637 1
19638 1
19639 1
19640 1
19641 1
19642 1
19643 1
19644 1
19645 1
19646 1
19647 1
19648 1
19649 1
19650 1
19651 1
19652 1
19653 1
19654 1
19655 1
19656 1
19657 1
19658 1
19659 1
19660 1
19661 1
19662 1
19663 1
19664 1
19665 1
19666 1
19667 1
19668 1
19669 1
19670 1
19671 1
19672 1
19673 1
19674 1
19675 1
19676 1
20523 1
20524 1
20525 1
20526 1
20527 1
20528 1
20529 1
20530 1
20531 1
20532 1
20533 1
20534 1
20535 1
20536 1
20537 1
20538 1
20539 1
20540 1
20541 1
20542 1
20543 1
20544 1
20545 1
20546 1
20547 1
20548 1
20549 1
20550 1
20551 1
20552 1
20553 1
20554 1
20555 1
20556 1
20557 1
20558 1
20559 1
20560 1
20561 1
20562 1
20563 1
20564 1
20565 1
20566 1
21413 1
21414 1
21415 1
21416 1
21417 1
21418 1
21419 1
21420 1
21421 1
21422 1
21423 1
21424 1
21425 1
21426 1
21427 1
21428 1
21429 1
21430 1
21431 1
21432 1
21433 1
21434 1
21435 1
21436 1
21437 1
21438 1
21439 1
21440 1
21441 1
21442 1
21443 1
21444 1
21445 1
21446 1
21447 1
21448 1
21449 1
21450 1
21451 1
21452 1
21453 1
21454 1
21455 1
21456 1
22303 1
22304 1
22305 1
22306 1
22307 1
22308 1
22309 1
22310 1
22311 1
22312 1
22313 1
22314 1
22315 1
22316 1
22317 1
22318 1
22319 1
22320 1
22321 1
22322 1
22323 1
22324 1
22325 1
22326 1
22327 1
22328 1
22329 1
22330 1
22331 1
22332 1
22333 1
22334 1
22335 1
22336 1
22337 1
22338 1
22339 1
22340 1
22341 1
22342 1
22343 1
22344 1
22345 1
22346 1
23193 1
23194 1
23195 1
23196 1
23197 1
23198 1
23199 1
23200 1
23201 1
23202 1
23203 1
23204 1
23205 1
23206 1
23207 1
23208 1
23209 1
23210 1
23211 1
23212 1
23213 1
23214 1
23215 1
23216 1
23217 1
23218 1
23219 1
23220 1
23221 1
23222 1
23223 1
23224 1
23225 1
23226 1
23227 1
23228 1
23229 1
23230 1
23231 1
23232 1
23233 1
23234 1
23235 1
23236 1
24083 1
24084 1
24085 1
24086 1
24087 1
24088 1
24089 1
24090 1
24091 1
24092 1
24093 1
24094 1
24095 1
24096 1
24097 1
24098 1
24099 1
24100 1
24101 1
24102 1
24103 1
24104 1
24105 1
24106 1
24107 1
24108 1
24109 1
24110 1
24111 1
24112 1
24113 1
24114 1
24115 1
24116 1
24117 1
24118 1
24119 1
24120 1
24121 1
24122 1
24123 1
24124 1
24125 1
24126 1
24973 1
24974 1
24975 1
24976 1
24977 1
24978 1
24979 1
24980 1
24981 1
24982 1
24983 1
24984 1
24985 1
24986 1
24987 1
24988 1
24989 1
24990 1
24991 1
24992 1
24993 1
24994 1
24995 1
24996 1
24997 1
24998 1
24999 1
25000 1
25001 1
25002 1
25003 1
25004 1
25005 1
25006 1
25007 1
25008 1
25009 1
25010 1
25011 1
25012 1
25013 1
25014 1
25015 1
25016 1
25863 1
25864 1
25865 1
25866 1
25867 1
25868 1
25869 1
25870 1
25871 1
25872 1
25873 1
25874 1
25875 1
25876 1
25877 1
25878 1
25879 1
25880 1
25881 1
25882 1
25883 1
25884 1
25885 1
25886 1
25887 1
25888 1
25889 1
25890 1
25891 1
25892 1
25893 1
25894 1
25895 1
25896 1
25897 1
25898 1
25899 1
25900 1
25901 1
25902 1
25903 1
25904 1
25905 1
25906 1
26753 1
26754 1
26755 1
26756 1
26757 1
26758 1
26759 1
26760 1
26761 1
26762 1
26763 1
26764 1
26765 1
26766 1
26767 1
26768 1
26769 1
26770 1
26771 1
26772 1
26773 1
26774 1
26775 1
26776 1
26777 1
26778 1
26779 1
26780 1
26781 1
26782 1
26783 1
26784 1
26785 1
26786 1
26787 1
26788 1
26789 1
26790 1
26791 1
26792 1
26793 1
26794 1
26795 1
26796 1
27643 1
27644 1
27645 1
27646 1
27647 1
27648 1
27649 1
27650 1
27651 1
27652 1
27653 1
27654 1
27655 1
27656 1
27657 1
27658 1
27659 1
27660 1
27661 1
27662 1
27663 1
27664 1
27665 1
27666 1
27667 1
27668 1
27669 1
27670 1
27671 1
27672 1
27673 1
27674 1
27675 1
27676 1
27677 1
27678 1
27679 1
27680 1
27681 1
27682 1
27683 1
27684 1
27685 1
27686 1
1 4
96 2
97 1
98 1
99 1
100 1
101 1
102 1
103 1
104 1
105 1
106 1
107 1
108 1
109 1
110 1
111 1
112 1
113 1
114 1
115 1
116 1
117 1
118 1
119 1
120 1
121 1
122 1
123 1
124 1
125 1
891 4
986 2
987 1
988 1
989 1
990 1
991 1
992 1
993 1
994 1
995 1
996 1
997 1
998 1
999 1
1000 1
1001 1
1002 1
1003 1
1004 1
1005 1
1006 1
1007 1
1008 1
1009 1
1010 1
1011 1
1012 1
1013 1
1014 1
1015 1
1781 4
1876 2
1877 1
1878 1
1879 1
1880 1
1881 1
1882 1
1883 1
1884 1
1885 1
1886 1
1887 1
1888 1
1889 1
1890 1
1891 1
1892 1
1893 1
1894 1
1895 1
1896 1
1897 1
1898 1
1899 1
1900 1
1901 1
1902 1
1903 1
1904 1
1905 1
2671 4
2766 2
2767 1
2768 1
2769 1
2770 1
2771 1
2772 1
2773 1
2774 1
2775 1
2776 1
2777 1
2778 1
2779 1
2780 1
2781 1
2782 1
2783 1
2784 1
2785 1
2786 1
2787 1
2788 1
2789 1
2790 1
2791 1
2792 1
2793 1
2794 1
2795 1
3561 4
3656 2
3657 1
3658 1
3659 1
3660 1
3661 1
3662 1
3663 1
3664 1
3665 1
3666 1
3667 1
3668 1
3669 1
3670 1
3671 1
3672 1
3673 1
3674 1
3675 1
3676 1
3677 1
3678 1
3679 1
3680 1
3681 1
3682 1
3683 1
3684 1
3685 1
4451 4
4546 2
4547 1
4548 1
4549 1
4550 1
4551 1
4552 1
4553 1
4554 1
4555 1
4556 1
4557 1
4558 1
4559 1
4560 1
4561 1
4562 1
4563 1
4564 1
4565 1
4566 1
4567 1
4568 1
4569 1
4570 1
4571 1
4572 1
4573 1
4574 1
4575 1
5341 4
5436 2
5437 1
5438 1
5439 1
5440 1
5441 1
5442 1
5443 1
5444 1
5445 1
5446 1
5447 1
5448 1
5449 1
5450 1
5451 1
5452 1
5453 1
5454 1
5455 1
5456 1
5457 1
5458 1
5459 1
5460 1
5461 1
5462 1
5463 1
5464 1
5465 1
6231 4
6326 2
6327 1
6328 1
6329 1
6330 1
6331 1
6332 1
6333 1
6334 1
6335 1
6336 1
6337 1
6338 1
6339 1
6340 1
6341 1
6342 1
6343 1
6344 1
6345 1
6346 1
6347 1
6348 1
6349 1
6350 1
6351 1
6352 1
6353 1
6354 1
6355 1
7121 4
7216 2
7217 1
7218 1
7219 1
7220 1
7221 1
7222 1
7223 1
7224 1
7225 1
7226 1
7227 1
7228 1
7229 1
7230 1
7231 1
7232 1
7233 1
7234 1
7235 1
7236 1
7237 1
7238 1
7239 1
7240 1
7241 1
7242 1
7243 1
7244 1
7245 1
8011 4
8106 2
8107 1
8108 1
8109 1
8110 1
8111 1
8112 1
8113 1
8114 1
8115 1
8116 1
8117 1
8118 1
8119 1
8120 1
8121 1
8122 1
8123 1
8124 1
8125 1
8126 1
8127 1
8128 1
8129 1
8130 1
8131 1
8132 1
8133 1
8134 1
8135 1
8901 4
8996 2
8997 1
8998 1
8999 1
9000 1
9001 1
9002 1
9003 1
9004 1
9005 1
9006 1
9007 1
9008 1
9009 1
9010 1
9011 1
9012 1
9013 1
9014 1
9015 1
9016 1
9017 1
9018 1
9019 1
9020 1
9021 1
9022 1
9023 1
9024 1
9025 1
9791 4
9886 2
9887 1
9888 1
9889 1
9890 1
9891 1
9892 1
9893 1
9894 1
9895 1
9896 1
9897 1
9898 1
9899 1
9900 1
9901 1
9902 1
9903 1
9904 1
9905 1
9906 1
9907 1
9908 1
9909 1
9910 1
9911 1
9912 1
9913 1
9914 1
9915 1
10681 4
10776 2
10777 1
10778 1
10779 1
10780 1
10781 1
10782 1
10783 1
10784 1
10785 1
10786 1
10787 1
10788 1
10789 1
10790 1
10791 1
10792 1
10793 1
10794 1
10795 1
10796 1
10797 1
10798 1
10799 1
10800 1
10801 1
10802 1
10803 1
10804 1
10805 1
11571 4
11666 2
11667 1
11668 1
11669 1
11670 1
11671 1
11672 1
11673 1
11674 1
11675 1
11676 1
11677 1
11678 1
11679 1
11680 1
11681 1
11682 1
11683 1
11684 1
11685 1
11686 1
11687 1
11688 1
11689 1
11690 1
11691 1
11692 1
11693 1
11694 1
11695 1
12461 4
12556 2
12557 1
12558 1
12559 1
12560 1
12561 1
12562 1
12563 1
12564 1
12565 1
12566 1
12567 1
12568 1
12569 1
12570 1
12571 1
12572 1
12573 1
12574 1
12575 1
12576 1
12577 1
12578 1
12579 1
12580 1
12581 1
12582 1
12583 1
12584 1
12585 1
13351 4
13446 2
13447 1
13448 1
13449 1
13450 1
13451 1
13452 1
13453 1
13454 1
13455 1
13456 1
13457 1
13458 1
13459 1
13460 1
13461 1
13462 1
13463 1
13464 1
13465 1
13466 1
13467 1
13468 1
13469 1
13470 1
13471 1
13472 1
13473 1
13474 1
13475 1
14241 4
14336 2
14337 1
14338 1
14339 1
14340 1
14341 1
14342 1
14343 1
14344 1
14345 1
14346 1
14347 1
14348 1
14349 1
14350 1
14351 1
14352 1
14353 1
14354 1
14355 1
14356 1
14357 1
14358 1
14359 1
14360 1
14361 1
14362 1
14363 1
14364 1
14365 1
15131 4
15226 2
15227 1
15228 1
15229 1
15230 1
15231 1
15232 1
15233 1
15234 1
15235 1
15236 1
15237 1
15238 1
15239 1
15240 1
15241 1
15242 1
15243 1
15244 1
15245 1
15246 1
15247 1
15248 1
15249 1
15250 1
15251 1
15252 1
15253 1
15254 1
15255 1
16021 4
16116 2
16117 1
16118 1
16119 1
16120 1
16121 1
16122 1
16123 1
16124 1
16125 1
16126 1
16127 1
16128 1
16129 1
16130 1
16131 1
16132 1
16133 1
16134 1
16135 1
16136 1
16137 1
16138 1
16139 1
16140 1
16141 1
16142 1
16143 1
16144 1
16145 1
16911 4
17006 2
17007 1
17008 1
17009 1
17010 1
17011 1
17012 1
17013 1
17014 1
17015 1
17016 1
17017 1
17018 1
17019 1
17020 1
17021 1
17022 1
17023 1
17024 1
17025 1
17026 1
17027 1
17028 1
17029 1
17030 1
17031 1
17032 1
17033 1
17034 1
17035 1
17801 4
17896 2
17897 1
17898 1
17899 1
17900 1
17901 1
17902 1
17903 1
17904 1
17905 1
17906 1
17907 1
17908 1
17909 1
17910 1
17911 1
17912 1
17913 1
17914 1
17915 1
17916 1
17917 1
17918 1
17919 1
17920 1
17921 1
17922 1
17923 1
17924 1
17925 1
18691 4
18786 2
18787 1
18788 1
18789 1
18790 1
18791 1
18792 1
18793 1
18794 1
18795 1
18796 1
18797 1
18798 1
18799 1
18800 1
18801 1
18802 1
18803 1
18804 1
18805 1
18806 1
18807 1
18808 1
18809 1
18810 1
18811 1
18812 1
18813 1
18814 1
18815 1
19581 4
19676 2
19677 1
19678 1
19679 1
19680 1
19681 1
19682 1
19683 1
19684 1
19685 1
19686 1
19687 1
19688 1
19689 1
19690 1
19691 1
19692 1
19693 1
19694 1
19695 1
19696 1
19697 1
19698 1
19699 1
19700 1
19701 1
19702 1
19703 1
19704 1
19705 1
20471 4
20566 2
20567 1
20568 1
20569 1
20570 1
20571 1
20572 1
20573 1
20574 1
20575 1
20576 1
20577 1
20578 1
20579 1
20580 1
20581 1
20582 1
20583 1
20584 1
20585 1
20586 1
20587 1
20588 1
20589 1
20590 1
20591 1
20592 1
20593 1
20594 1
20595 1
21361 4
21456 2
21457 1
21458 1
21459 1
21460 1
21461 1
21462 1
21463 1
21464 1
21465 1
21466 1
21467 1
21468 1
21469 1
21470 1
21471 1
21472 1
21473 1
21474 1
21475 1
21476 1
21477 1
21478 1
21479 1
21480 1
21481 1
21482 1
21483 1
21484 1
21485 1
22251 4
22346 2
22347 1
22348 1
22349 1
22350 1
22351 1
22352 1
22353 1
22354 1
22355 1
22356 1
22357 1
22358 1
22359 1
22360 1
22361 1
22362 1
22363 1
22364 1
22365 1
22366 1
22367 1
22368 1
22369 1
22370 1
22371 1
22372 1
22373 1
22374 1
22375 1
23141 4
23236 2
23237 1
23238 1
23239 1
23240 1
23241 1
23242 1
23243 1
23244 1
23245 1
23246 1
23247 1
23248 1
23249 1
23250 1
23251 1
23252 1
23253 1
23254 1
23255 1
23256 1
23257 1
23258 1
23259 1
23260 1
23261 1
23262 1
23263 1
23264 1
23265 1
24031 4
24126 2
24127 1
24128 1
24129 1
24130 1
24131 1
24132 1
24133 1
24134 1
24135 1
24136 1
24137 1
24138 1
24139 1
24140 1
24141 1
24142 1
24143 1
24144 1
24145 1
24146 1
24147 1
24148 1
24149 1
24150 1
24151 1
24152 1
24153 1
24154 1
24155 1
24921 4
25016 2
25017 1
25018 1
25019 1
25020 1
25021 1
25022 1
25023 1
25024 1
25025 1
25026 1
25027 1
25028 1
25029 1
25030 1
25031 1
25032 1
25033 1
25034 1
25035 1
25036 1
25037 1
25038 1
25039 1
25040 1
25041 1
25042 1
25043 1
25044 1
25045 1
25811 4
25906 2
25907 1
25908 1
25909 1
25910 1
25911 1
25912 1
25913 1
25914 1
25915 1
25916 1
25917 1
25918 1
25919 1
25920 1
25921 1
25922 1
25923 1
25924 1
25925 1
25926 1
25927 1
25928 1
25929 1
25930 1
25931 1
25932 1
25933 1
25934 1
25935 1
26701 4
26796 2
26797 1
26798 1
26799 1
26800 1
26801 1
26802 1
26803 1
26804 1
26805 1
26806 1
26807 1
26808 1
26809 1
26810 1
26811 1
26812 1
26813 1
26814 1
26815 1
26816 1
26817 1
26818 1
26819 1
26820 1
26821 1
26822 1
26823 1
26824 1
26825 1
27591 4
27686 2
27687 1
27688 1
27689 1
27690 1
27691 1
27692 1
27693 1
27694 1
27695 1
27696 1
27697 1
27698 1
27699 1
27700 1
27701 1
27702 1
27703 1
27704 1
27705 1
27706 1
27707 1
27708 1
27709 1
27710 1
27711 1
27712 1
27713 1
27714 1
27715 1
