400
1 5
2 5
3 5
4 5
5 5
6 5
7 5
8 5
9 5
10 5
11 5
12 5
13 5
14 5
15 5
16 5
17 5
18 5
19 5
20 5
21 5
22 5
23 5
24 5
25 5
26 5
27 5
28 5
29 5
30 5
31 5
32 5
33 5
34 5
35 5
36 5
37 5
38 5
39 5
40 5
41 5
42 5
43 5
44 5
45 5
46 5
47 5
48 5
49 5
50 5
51 5
52 5
53 5
54 5
55 5
56 5
57 5
58 5
59 5
60 5
61 5
62 5
63 5
64 5
65 5
66 5
67 5
68 5
69 5
70 5
71 5
72 5
73 5
74 5
75 5
76 5
77 5
78 5
79 5
80 5
321 1
322 1
323 1
324 1
325 1
326 1
327 1
328 1
329 1
330 1
331 1
332 1
333 1
334 1
335 1
336 1
337 1
338 1
339 1
340 1
401 1
402 1
403 1
404 1
405 1
406 1
407 1
408 1
409 1
410 1
411 1
412 1
413 1
414 1
415 1
416 1
417 1
418 1
419 1
420 1
481 1
482 1
483 1
484 1
485 1
486 1
487 1
488 1
489 1
490 1
491 1
492 1
493 1
494 1
495 1
496 1
497 1
498 1
499 1
500 1
561 1
562 1
563 1
564 1
565 1
566 1
567 1
568 1
569 1
570 1
571 1
572 1
573 1
574 1
575 1
576 1
577 1
578 1
579 1
580 1
1 4
5 4
9 4
13 4
17 4
21 4
25 4
29 4
33 4
37 4
41 4
45 4
49 4
53 4
57 4
61 4
65 4
69 4
73 4
77 4
81 4
85 4
89 4
93 4
97 4
101 4
105 4
109 4
113 4
117 4
121 4
125 4
129 4
133 4
137 4
141 4
145 4
149 4
153 4
157 4
161 4
165 4
169 4
173 4
177 4
181 4
185 4
189 4
193 4
197 4
201 4
205 4
209 4
213 4
217 4
221 4
225 4
229 4
233 4
237 4
241 4
245 4
249 4
253 4
257 4
261 4
265 4
269 4
273 4
277 4
281 4
285 4
289 4
293 4
297 4
301 4
305 4
309 4
313 4
317 4
381 3
382 3
383 3
384 3
385 3
386 3
387 3
388 3
389 3
390 3
391 3
392 3
393 3
394 3
395 3
396 3
397 3
398 3
399 3
400 3
461 3
462 3
463 3
464 3
465 3
466 3
467 3
468 3
469 3
470 3
471 3
472 3
473 3
474 3
475 3
476 3
477 3
478 3
479 3
480 3
541 3
542 3
543 3
544 3
545 3
546 3
547 3
548 3
549 3
550 3
551 3
552 3
553 3
554 3
555 3
556 3
557 3
558 3
559 3
560 3
621 3
622 3
623 3
624 3
625 3
626 3
627 3
628 3
629 3
630 3
631 3
632 3
633 3
634 3
635 3
636 3
637 3
638 3
639 3
640 3
4 2
8 2
12 2
16 2
20 2
24 2
28 2
32 2
36 2
40 2
44 2
48 2
52 2
56 2
60 2
64 2
68 2
72 2
76 2
80 2
84 2
88 2
92 2
96 2
100 2
104 2
108 2
112 2
116 2
120 2
124 2
128 2
132 2
136 2
140 2
144 2
148 2
152 2
156 2
160 2
164 2
168 2
172 2
176 2
180 2
184 2
188 2
192 2
196 2
200 2
204 2
208 2
212 2
216 2
220 2
224 2
228 2
232 2
236 2
240 2
244 2
248 2
252 2
256 2
260 2
264 2
268 2
272 2
276 2
280 2
284 2
288 2
292 2
296 2
300 2
304 2
308 2
312 2
316 2
320 2
