640
1 2 3 4 5 6 7 8 
2 9 10 3 6 11 12 7 
9 13 14 10 11 15 16 12 
13 17 18 14 15 19 20 16 
4 3 21 22 8 7 23 24 
3 10 25 21 7 12 26 23 
10 14 27 25 12 16 28 26 
14 18 29 27 16 20 30 28 
22 21 31 32 24 23 33 34 
21 25 35 31 23 26 36 33 
25 27 37 35 26 28 38 36 
27 29 39 37 28 30 40 38 
32 31 41 42 34 33 43 44 
31 35 45 41 33 36 46 43 
35 37 47 45 36 38 48 46 
37 39 49 47 38 40 50 48 
42 41 51 52 44 43 53 54 
41 45 55 51 43 46 56 53 
45 47 57 55 46 48 58 56 
47 49 59 57 48 50 60 58 
52 51 61 62 54 53 63 64 
51 55 65 61 53 56 66 63 
55 57 67 65 56 58 68 66 
57 59 69 67 58 60 70 68 
62 61 71 72 64 63 73 74 
61 65 75 71 63 66 76 73 
65 67 77 75 66 68 78 76 
67 69 79 77 68 70 80 78 
72 71 81 82 74 73 83 84 
71 75 85 81 73 76 86 83 
75 77 87 85 76 78 88 86 
77 79 89 87 78 80 90 88 
82 81 91 92 84 83 93 94 
81 85 95 91 83 86 96 93 
85 87 97 95 86 88 98 96 
87 89 99 97 88 90 100 98 
92 91 101 102 94 93 103 104 
91 95 105 101 93 96 106 103 
95 97 107 105 96 98 108 106 
97 99 109 107 98 100 110 108 
102 101 111 112 104 103 113 114 
101 105 115 111 103 106 116 113 
105 107 117 115 106 108 118 116 
107 109 119 117 108 110 120 118 
112 111 121 122 114 113 123 124 
111 115 125 121 113 116 126 123 
115 117 127 125 116 118 128 126 
117 119 129 127 118 120 130 128 
122 121 131 132 124 123 133 134 
121 125 135 131 123 126 136 133 
125 127 137 135 126 128 138 136 
127 129 139 137 128 130 140 138 
132 131 141 142 134 133 143 144 
131 135 145 141 133 136 146 143 
135 137 147 145 136 138 148 146 
137 139 149 147 138 140 150 148 
142 141 151 152 144 143 153 154 
141 145 155 151 143 146 156 153 
145 147 157 155 146 148 158 156 
147 149 159 157 148 150 160 158 
152 151 161 162 154 153 163 164 
151 155 165 161 153 156 166 163 
155 157 167 165 156 158 168 166 
157 159 169 167 158 160 170 168 
162 161 171 172 164 163 173 174 
161 165 175 171 163 166 176 173 
165 167 177 175 166 168 178 176 
167 169 179 177 168 170 180 178 
172 171 181 182 174 173 183 184 
171 175 185 181 173 176 186 183 
175 177 187 185 176 178 188 186 
177 179 189 187 178 180 190 188 
182 181 191 192 184 183 193 194 
181 185 195 191 183 186 196 193 
185 187 197 195 186 188 198 196 
187 189 199 197 188 190 200 198 
192 191 201 202 194 193 203 204 
191 195 205 201 193 196 206 203 
195 197 207 205 196 198 208 206 
197 199 209 207 198 200 210 208 
5 6 7 8 211 212 213 214 
6 11 12 7 212 215 216 213 
11 15 16 12 215 217 218 216 
15 19 20 16 217 219 220 218 
8 7 23 24 214 213 221 222 
7 12 26 23 213 216 223 221 
12 16 28 26 216 218 224 223 
16 20 30 28 218 220 225 224 
24 23 33 34 222 221 226 227 
23 26 36 33 221 223 228 226 
26 28 38 36 223 224 229 228 
28 30 40 38 224 225 230 229 
34 33 43 44 227 226 231 232 
33 36 46 43 226 228 233 231 
36 38 48 46 228 229 234 233 
38 40 50 48 229 230 235 234 
44 43 53 54 232 231 236 237 
43 46 56 53 231 233 238 236 
46 48 58 56 233 234 239 238 
48 50 60 58 234 235 240 239 
54 53 63 64 237 236 241 242 
53 56 66 63 236 238 243 241 
56 58 68 66 238 239 244 243 
58 60 70 68 239 240 245 244 
64 63 73 74 242 241 246 247 
63 66 76 73 241 243 248 246 
66 68 78 76 243 244 249 248 
68 70 80 78 244 245 250 249 
74 73 83 84 247 246 251 252 
73 76 86 83 246 248 253 251 
76 78 88 86 248 249 254 253 
78 80 90 88 249 250 255 254 
84 83 93 94 252 251 256 257 
83 86 96 93 251 253 258 256 
86 88 98 96 253 254 259 258 
88 90 100 98 254 255 260 259 
94 93 103 104 257 256 261 262 
93 96 106 103 256 258 263 261 
96 98 108 106 258 259 264 263 
98 100 110 108 259 260 265 264 
104 103 113 114 262 261 266 267 
103 106 116 113 261 263 268 266 
106 108 118 116 263 264 269 268 
108 110 120 118 264 265 270 269 
114 113 123 124 267 266 271 272 
113 116 126 123 266 268 273 271 
116 118 128 126 268 269 274 273 
118 120 130 128 269 270 275 274 
124 123 133 134 272 271 276 277 
123 126 136 133 271 273 278 276 
126 128 138 136 273 274 279 278 
128 130 140 138 274 275 280 279 
134 133 143 144 277 276 281 282 
133 136 146 143 276 278 283 281 
136 138 148 146 278 279 284 283 
138 140 150 148 279 280 285 284 
144 143 153 154 282 281 286 287 
143 146 156 153 281 283 288 286 
146 148 158 156 283 284 289 288 
148 150 160 158 284 285 290 289 
154 153 163 164 287 286 291 292 
153 156 166 163 286 288 293 291 
156 158 168 166 288 289 294 293 
158 160 170 168 289 290 295 294 
164 163 173 174 292 291 296 297 
163 166 176 173 291 293 298 296 
166 168 178 176 293 294 299 298 
168 170 180 178 294 295 300 299 
174 173 183 184 297 296 301 302 
173 176 186 183 296 298 303 301 
176 178 188 186 298 299 304 303 
178 180 190 188 299 300 305 304 
184 183 193 194 302 301 306 307 
183 186 196 193 301 303 308 306 
186 188 198 196 303 304 309 308 
188 190 200 198 304 305 310 309 
194 193 203 204 307 306 311 312 
193 196 206 203 306 308 313 311 
196 198 208 206 308 309 314 313 
198 200 210 208 309 310 315 314 
211 212 213 214 316 317 318 319 
212 215 216 213 317 320 321 318 
215 217 218 216 320 322 323 321 
217 219 220 218 322 324 325 323 
214 213 221 222 319 318 326 327 
213 216 223 221 318 321 328 326 
216 218 224 223 321 323 329 328 
218 220 225 224 323 325 330 329 
222 221 226 227 327 326 331 332 
221 223 228 226 326 328 333 331 
223 224 229 228 328 329 334 333 
224 225 230 229 329 330 335 334 
227 226 231 232 332 331 336 337 
226 228 233 231 331 333 338 336 
228 229 234 233 333 334 339 338 
229 230 235 234 334 335 340 339 
232 231 236 237 337 336 341 342 
231 233 238 236 336 338 343 341 
233 234 239 238 338 339 344 343 
234 235 240 239 339 340 345 344 
237 236 241 242 342 341 346 347 
236 238 243 241 341 343 348 346 
238 239 244 243 343 344 349 348 
239 240 245 244 344 345 350 349 
242 241 246 247 347 346 351 352 
241 243 248 246 346 348 353 351 
243 244 249 248 348 349 354 353 
244 245 250 249 349 350 355 354 
247 246 251 252 352 351 356 357 
246 248 253 251 351 353 358 356 
248 249 254 253 353 354 359 358 
249 250 255 254 354 355 360 359 
252 251 256 257 357 356 361 362 
251 253 258 256 356 358 363 361 
253 254 259 258 358 359 364 363 
254 255 260 259 359 360 365 364 
257 256 261 262 362 361 366 367 
256 258 263 261 361 363 368 366 
258 259 264 263 363 364 369 368 
259 260 265 264 364 365 370 369 
262 261 266 267 367 366 371 372 
261 263 268 266 366 368 373 371 
263 264 269 268 368 369 374 373 
264 265 270 269 369 370 375 374 
267 266 271 272 372 371 376 377 
266 268 273 271 371 373 378 376 
268 269 274 273 373 374 379 378 
269 270 275 274 374 375 380 379 
272 271 276 277 377 376 381 382 
271 273 278 276 376 378 383 381 
273 274 279 278 378 379 384 383 
274 275 280 279 379 380 385 384 
277 276 281 282 382 381 386 387 
276 278 283 281 381 383 388 386 
278 279 284 283 383 384 389 388 
279 280 285 284 384 385 390 389 
282 281 286 287 387 386 391 392 
281 283 288 286 386 388 393 391 
283 284 289 288 388 389 394 393 
284 285 290 289 389 390 395 394 
287 286 291 292 392 391 396 397 
286 288 293 291 391 393 398 396 
288 289 294 293 393 394 399 398 
289 290 295 294 394 395 400 399 
292 291 296 297 397 396 401 402 
291 293 298 296 396 398 403 401 
293 294 299 298 398 399 404 403 
294 295 300 299 399 400 405 404 
297 296 301 302 402 401 406 407 
296 298 303 301 401 403 408 406 
298 299 304 303 403 404 409 408 
299 300 305 304 404 405 410 409 
302 301 306 307 407 406 411 412 
301 303 308 306 406 408 413 411 
303 304 309 308 408 409 414 413 
304 305 310 309 409 410 415 414 
307 306 311 312 412 411 416 417 
306 308 313 311 411 413 418 416 
308 309 314 313 413 414 419 418 
309 310 315 314 414 415 420 419 
316 317 318 319 421 422 423 424 
317 320 321 318 422 425 426 423 
320 322 323 321 425 427 428 426 
322 324 325 323 427 429 430 428 
319 318 326 327 424 423 431 432 
318 321 328 326 423 426 433 431 
321 323 329 328 426 428 434 433 
323 325 330 329 428 430 435 434 
327 326 331 332 432 431 436 437 
326 328 333 331 431 433 438 436 
328 329 334 333 433 434 439 438 
329 330 335 334 434 435 440 439 
332 331 336 337 437 436 441 442 
331 333 338 336 436 438 443 441 
333 334 339 338 438 439 444 443 
334 335 340 339 439 440 445 444 
337 336 341 342 442 441 446 447 
336 338 343 341 441 443 448 446 
338 339 344 343 443 444 449 448 
339 340 345 344 444 445 450 449 
342 341 346 347 447 446 451 452 
341 343 348 346 446 448 453 451 
343 344 349 348 448 449 454 453 
344 345 350 349 449 450 455 454 
347 346 351 352 452 451 456 457 
346 348 353 351 451 453 458 456 
348 349 354 353 453 454 459 458 
349 350 355 354 454 455 460 459 
352 351 356 357 457 456 461 462 
351 353 358 356 456 458 463 461 
353 354 359 358 458 459 464 463 
354 355 360 359 459 460 465 464 
357 356 361 362 462 461 466 467 
356 358 363 361 461 463 468 466 
358 359 364 363 463 464 469 468 
359 360 365 364 464 465 470 469 
362 361 366 367 467 466 471 472 
361 363 368 366 466 468 473 471 
363 364 369 368 468 469 474 473 
364 365 370 369 469 470 475 474 
367 366 371 372 472 471 476 477 
366 368 373 371 471 473 478 476 
368 369 374 373 473 474 479 478 
369 370 375 374 474 475 480 479 
372 371 376 377 477 476 481 482 
371 373 378 376 476 478 483 481 
373 374 379 378 478 479 484 483 
374 375 380 379 479 480 485 484 
377 376 381 382 482 481 486 487 
376 378 383 381 481 483 488 486 
378 379 384 383 483 484 489 488 
379 380 385 384 484 485 490 489 
382 381 386 387 487 486 491 492 
381 383 388 386 486 488 493 491 
383 384 389 388 488 489 494 493 
384 385 390 389 489 490 495 494 
387 386 391 392 492 491 496 497 
386 388 393 391 491 493 498 496 
388 389 394 393 493 494 499 498 
389 390 395 394 494 495 500 499 
392 391 396 397 497 496 501 502 
391 393 398 396 496 498 503 501 
393 394 399 398 498 499 504 503 
394 395 400 399 499 500 505 504 
397 396 401 402 502 501 506 507 
396 398 403 401 501 503 508 506 
398 399 404 403 503 504 509 508 
399 400 405 404 504 505 510 509 
402 401 406 407 507 506 511 512 
401 403 408 406 506 508 513 511 
403 404 409 408 508 509 514 513 
404 405 410 409 509 510 515 514 
407 406 411 412 512 511 516 517 
406 408 413 411 511 513 518 516 
408 409 414 413 513 514 519 518 
409 410 415 414 514 515 520 519 
412 411 416 417 517 516 521 522 
411 413 418 416 516 518 523 521 
413 414 419 418 518 519 524 523 
414 415 420 419 519 520 525 524 
526 527 528 529 530 531 532 533 
527 534 535 528 531 536 537 532 
534 538 539 535 536 540 541 537 
538 542 543 539 540 544 545 541 
542 546 547 543 544 548 549 545 
546 550 551 547 548 552 553 549 
550 554 555 551 552 556 557 553 
554 558 559 555 556 560 561 557 
558 562 563 559 560 564 565 561 
562 566 567 563 564 568 569 565 
566 570 571 567 568 572 573 569 
570 574 575 571 572 576 577 573 
574 578 579 575 576 580 581 577 
578 582 583 579 580 584 585 581 
582 586 587 583 584 588 589 585 
586 590 591 587 588 592 593 589 
590 594 595 591 592 596 597 593 
594 598 599 595 596 600 601 597 
598 602 603 599 600 604 605 601 
602 606 607 603 604 608 609 605 
529 528 610 611 533 532 612 613 
528 535 614 610 532 537 615 612 
535 539 616 614 537 541 617 615 
539 543 618 616 541 545 619 617 
543 547 620 618 545 549 621 619 
547 551 622 620 549 553 623 621 
551 555 624 622 553 557 625 623 
555 559 626 624 557 561 627 625 
559 563 628 626 561 565 629 627 
563 567 630 628 565 569 631 629 
567 571 632 630 569 573 633 631 
571 575 634 632 573 577 635 633 
575 579 636 634 577 581 637 635 
579 583 638 636 581 585 639 637 
583 587 640 638 585 589 641 639 
587 591 642 640 589 593 643 641 
591 595 644 642 593 597 645 643 
595 599 646 644 597 601 647 645 
599 603 648 646 601 605 649 647 
603 607 650 648 605 609 651 649 
611 610 652 653 613 612 654 655 
610 614 656 652 612 615 657 654 
614 616 658 656 615 617 659 657 
616 618 660 658 617 619 661 659 
618 620 662 660 619 621 663 661 
620 622 664 662 621 623 665 663 
622 624 666 664 623 625 667 665 
624 626 668 666 625 627 669 667 
626 628 670 668 627 629 671 669 
628 630 672 670 629 631 673 671 
630 632 674 672 631 633 675 673 
632 634 676 674 633 635 677 675 
634 636 678 676 635 637 679 677 
636 638 680 678 637 639 681 679 
638 640 682 680 639 641 683 681 
640 642 684 682 641 643 685 683 
642 644 686 684 643 645 687 685 
644 646 688 686 645 647 689 687 
646 648 690 688 647 649 691 689 
648 650 692 690 649 651 693 691 
653 652 694 695 655 654 696 697 
652 656 698 694 654 657 699 696 
656 658 700 698 657 659 701 699 
658 660 702 700 659 661 703 701 
660 662 704 702 661 663 705 703 
662 664 706 704 663 665 707 705 
664 666 708 706 665 667 709 707 
666 668 710 708 667 669 711 709 
668 670 712 710 669 671 713 711 
670 672 714 712 671 673 715 713 
672 674 716 714 673 675 717 715 
674 676 718 716 675 677 719 717 
676 678 720 718 677 679 721 719 
678 680 722 720 679 681 723 721 
680 682 724 722 681 683 725 723 
682 684 726 724 683 685 727 725 
684 686 728 726 685 687 729 727 
686 688 730 728 687 689 731 729 
688 690 732 730 689 691 733 731 
690 692 734 732 691 693 735 733 
530 531 532 533 736 737 738 739 
531 536 537 532 737 740 741 738 
536 540 541 537 740 742 743 741 
540 544 545 541 742 744 745 743 
544 548 549 545 744 746 747 745 
548 552 553 549 746 748 749 747 
552 556 557 553 748 750 751 749 
556 560 561 557 750 752 753 751 
560 564 565 561 752 754 755 753 
564 568 569 565 754 756 757 755 
568 572 573 569 756 758 759 757 
572 576 577 573 758 760 761 759 
576 580 581 577 760 762 763 761 
580 584 585 581 762 764 765 763 
584 588 589 585 764 766 767 765 
588 592 593 589 766 768 769 767 
592 596 597 593 768 770 771 769 
596 600 601 597 770 772 773 771 
600 604 605 601 772 774 775 773 
604 608 609 605 774 776 777 775 
533 532 612 613 739 738 778 779 
532 537 615 612 738 741 780 778 
537 541 617 615 741 743 781 780 
541 545 619 617 743 745 782 781 
545 549 621 619 745 747 783 782 
549 553 623 621 747 749 784 783 
553 557 625 623 749 751 785 784 
557 561 627 625 751 753 786 785 
561 565 629 627 753 755 787 786 
565 569 631 629 755 757 788 787 
569 573 633 631 757 759 789 788 
573 577 635 633 759 761 790 789 
577 581 637 635 761 763 791 790 
581 585 639 637 763 765 792 791 
585 589 641 639 765 767 793 792 
589 593 643 641 767 769 794 793 
593 597 645 643 769 771 795 794 
597 601 647 645 771 773 796 795 
601 605 649 647 773 775 797 796 
605 609 651 649 775 777 798 797 
613 612 654 655 779 778 799 800 
612 615 657 654 778 780 801 799 
615 617 659 657 780 781 802 801 
617 619 661 659 781 782 803 802 
619 621 663 661 782 783 804 803 
621 623 665 663 783 784 805 804 
623 625 667 665 784 785 806 805 
625 627 669 667 785 786 807 806 
627 629 671 669 786 787 808 807 
629 631 673 671 787 788 809 808 
631 633 675 673 788 789 810 809 
633 635 677 675 789 790 811 810 
635 637 679 677 790 791 812 811 
637 639 681 679 791 792 813 812 
639 641 683 681 792 793 814 813 
641 643 685 683 793 794 815 814 
643 645 687 685 794 795 816 815 
645 647 689 687 795 796 817 816 
647 649 691 689 796 797 818 817 
649 651 693 691 797 798 819 818 
655 654 696 697 800 799 820 821 
654 657 699 696 799 801 822 820 
657 659 701 699 801 802 823 822 
659 661 703 701 802 803 824 823 
661 663 705 703 803 804 825 824 
663 665 707 705 804 805 826 825 
665 667 709 707 805 806 827 826 
667 669 711 709 806 807 828 827 
669 671 713 711 807 808 829 828 
671 673 715 713 808 809 830 829 
673 675 717 715 809 810 831 830 
675 677 719 717 810 811 832 831 
677 679 721 719 811 812 833 832 
679 681 723 721 812 813 834 833 
681 683 725 723 813 814 835 834 
683 685 727 725 814 815 836 835 
685 687 729 727 815 816 837 836 
687 689 731 729 816 817 838 837 
689 691 733 731 817 818 839 838 
691 693 735 733 818 819 840 839 
736 737 738 739 841 842 843 844 
737 740 741 738 842 845 846 843 
740 742 743 741 845 847 848 846 
742 744 745 743 847 849 850 848 
744 746 747 745 849 851 852 850 
746 748 749 747 851 853 854 852 
748 750 751 749 853 855 856 854 
750 752 753 751 855 857 858 856 
752 754 755 753 857 859 860 858 
754 756 757 755 859 861 862 860 
756 758 759 757 861 863 864 862 
758 760 761 759 863 865 866 864 
760 762 763 761 865 867 868 866 
762 764 765 763 867 869 870 868 
764 766 767 765 869 871 872 870 
766 768 769 767 871 873 874 872 
768 770 771 769 873 875 876 874 
770 772 773 771 875 877 878 876 
772 774 775 773 877 879 880 878 
774 776 777 775 879 881 882 880 
739 738 778 779 844 843 883 884 
738 741 780 778 843 846 885 883 
741 743 781 780 846 848 886 885 
743 745 782 781 848 850 887 886 
745 747 783 782 850 852 888 887 
747 749 784 783 852 854 889 888 
749 751 785 784 854 856 890 889 
751 753 786 785 856 858 891 890 
753 755 787 786 858 860 892 891 
755 757 788 787 860 862 893 892 
757 759 789 788 862 864 894 893 
759 761 790 789 864 866 895 894 
761 763 791 790 866 868 896 895 
763 765 792 791 868 870 897 896 
765 767 793 792 870 872 898 897 
767 769 794 793 872 874 899 898 
769 771 795 794 874 876 900 899 
771 773 796 795 876 878 901 900 
773 775 797 796 878 880 902 901 
775 777 798 797 880 882 903 902 
779 778 799 800 884 883 904 905 
778 780 801 799 883 885 906 904 
780 781 802 801 885 886 907 906 
781 782 803 802 886 887 908 907 
782 783 804 803 887 888 909 908 
783 784 805 804 888 889 910 909 
784 785 806 805 889 890 911 910 
785 786 807 806 890 891 912 911 
786 787 808 807 891 892 913 912 
787 788 809 808 892 893 914 913 
788 789 810 809 893 894 915 914 
789 790 811 810 894 895 916 915 
790 791 812 811 895 896 917 916 
791 792 813 812 896 897 918 917 
792 793 814 813 897 898 919 918 
793 794 815 814 898 899 920 919 
794 795 816 815 899 900 921 920 
795 796 817 816 900 901 922 921 
796 797 818 817 901 902 923 922 
797 798 819 818 902 903 924 923 
800 799 820 821 905 904 925 926 
799 801 822 820 904 906 927 925 
801 802 823 822 906 907 928 927 
802 803 824 823 907 908 929 928 
803 804 825 824 908 909 930 929 
804 805 826 825 909 910 931 930 
805 806 827 826 910 911 932 931 
806 807 828 827 911 912 933 932 
807 808 829 828 912 913 934 933 
808 809 830 829 913 914 935 934 
809 810 831 830 914 915 936 935 
810 811 832 831 915 916 937 936 
811 812 833 832 916 917 938 937 
812 813 834 833 917 918 939 938 
813 814 835 834 918 919 940 939 
814 815 836 835 919 920 941 940 
815 816 837 836 920 921 942 941 
816 817 838 837 921 922 943 942 
817 818 839 838 922 923 944 943 
818 819 840 839 923 924 945 944 
841 842 843 844 421 424 423 422 
842 845 846 843 424 432 431 423 
845 847 848 846 432 437 436 431 
847 849 850 848 437 442 441 436 
849 851 852 850 442 447 446 441 
851 853 854 852 447 452 451 446 
853 855 856 854 452 457 456 451 
855 857 858 856 457 462 461 456 
857 859 860 858 462 467 466 461 
859 861 862 860 467 472 471 466 
861 863 864 862 472 477 476 471 
863 865 866 864 477 482 481 476 
865 867 868 866 482 487 486 481 
867 869 870 868 487 492 491 486 
869 871 872 870 492 497 496 491 
871 873 874 872 497 502 501 496 
873 875 876 874 502 507 506 501 
875 877 878 876 507 512 511 506 
877 879 880 878 512 517 516 511 
879 881 882 880 517 522 521 516 
844 843 883 884 422 423 426 425 
843 846 885 883 423 431 433 426 
846 848 886 885 431 436 438 433 
848 850 887 886 436 441 443 438 
850 852 888 887 441 446 448 443 
852 854 889 888 446 451 453 448 
854 856 890 889 451 456 458 453 
856 858 891 890 456 461 463 458 
858 860 892 891 461 466 468 463 
860 862 893 892 466 471 473 468 
862 864 894 893 471 476 478 473 
864 866 895 894 476 481 483 478 
866 868 896 895 481 486 488 483 
868 870 897 896 486 491 493 488 
870 872 898 897 491 496 498 493 
872 874 899 898 496 501 503 498 
874 876 900 899 501 506 508 503 
876 878 901 900 506 511 513 508 
878 880 902 901 511 516 518 513 
880 882 903 902 516 521 523 518 
884 883 904 905 425 426 428 427 
883 885 906 904 426 433 434 428 
885 886 907 906 433 438 439 434 
886 887 908 907 438 443 444 439 
887 888 909 908 443 448 449 444 
888 889 910 909 448 453 454 449 
889 890 911 910 453 458 459 454 
890 891 912 911 458 463 464 459 
891 892 913 912 463 468 469 464 
892 893 914 913 468 473 474 469 
893 894 915 914 473 478 479 474 
894 895 916 915 478 483 484 479 
895 896 917 916 483 488 489 484 
896 897 918 917 488 493 494 489 
897 898 919 918 493 498 499 494 
898 899 920 919 498 503 504 499 
899 900 921 920 503 508 509 504 
900 901 922 921 508 513 514 509 
901 902 923 922 513 518 519 514 
902 903 924 923 518 523 524 519 
905 904 925 926 427 428 430 429 
904 906 927 925 428 434 435 430 
906 907 928 927 434 439 440 435 
907 908 929 928 439 444 445 440 
908 909 930 929 444 449 450 445 
909 910 931 930 449 454 455 450 
910 911 932 931 454 459 460 455 
911 912 933 932 459 464 465 460 
912 913 934 933 464 469 470 465 
913 914 935 934 469 474 475 470 
914 915 936 935 474 479 480 475 
915 916 937 936 479 484 485 480 
916 917 938 937 484 489 490 485 
917 918 939 938 489 494 495 490 
918 919 940 939 494 499 500 495 
919 920 941 940 499 504 505 500 
920 921 942 941 504 509 510 505 
921 922 943 942 509 514 515 510 
922 923 944 943 514 519 520 515 
923 924 945 944 519 524 525 520 
