2 0.0
510
10 2
20 2
30 2
40 2
50 2
60 2
70 2
80 2
90 2
100 2
110 2
120 2
130 2
140 2
150 2
160 2
170 2
180 2
190 2
200 2
210 2
220 2
230 2
240 2
250 2
260 2
270 2
280 2
290 2
300 2
310 2
320 2
330 2
340 2
350 2
360 2
370 2
380 2
390 2
400 2
410 2
420 2
430 2
440 2
450 2
460 2
470 2
480 2
490 2
500 2
510 2
520 2
530 2
540 2
550 2
560 2
570 2
580 2
590 2
600 2
610 2
620 2
630 2
640 2
650 2
660 2
670 2
680 2
690 2
700 2
710 2
720 2
730 2
740 2
750 2
760 2
770 2
780 2
790 2
800 2
810 2
820 2
830 2
840 2
850 2
860 2
870 2
880 2
890 2
900 2
910 2
920 2
930 2
940 2
950 2
960 2
970 2
980 2
990 2
1000 2
1010 2
1020 2
1030 2
1040 2
1050 2
1060 2
1070 2
1080 2
1090 2
1100 2
1110 2
1120 2
1130 2
1140 2
1150 2
1160 2
1170 2
1180 2
1190 2
1200 2
1210 2
1220 2
1230 2
1240 2
1250 2
1260 2
1270 2
1280 2
1290 2
1300 2
1310 2
1320 2
1330 2
1340 2
1350 2
1354 2
1358 2
1362 2
1366 2
1370 2
1374 2
1378 2
1382 2
1386 2
1390 2
1394 2
1398 2
1402 2
1406 2
1410 2
1414 2
1418 2
1422 2
1426 2
1430 2
1434 2
1438 2
1442 2
1446 2
1450 2
1454 2
1458 2
1462 2
1466 2
1470 2
1474 2
1478 2
1482 2
1486 2
1490 2
1499 3
1500 3
1509 3
1510 3
1519 3
1520 3
1529 3
1530 3
1539 3
1540 3
1549 3
1550 3
1559 3
1560 3
1589 3
1590 3
1591 3
1592 3
1593 3
1594 3
1595 3
1624 3
1625 3
1626 3
1627 3
1628 3
1629 3
1630 3
1659 3
1660 3
1661 3
1662 3
1663 3
1664 3
1665 3
1694 3
1695 3
1696 3
1697 3
1698 3
1699 3
1700 3
1 1
2 1
3 1
4 1
5 1
6 1
7 1
8 1
9 1
10 1
101 1
102 1
103 1
104 1
105 1
106 1
107 1
108 1
109 1
110 1
201 1
202 1
203 1
204 1
205 1
206 1
207 1
208 1
209 1
210 1
301 1
302 1
303 1
304 1
305 1
306 1
307 1
308 1
309 1
310 1
401 1
402 1
403 1
404 1
405 1
406 1
407 1
408 1
409 1
410 1
1101 1
1102 1
1103 1
1104 1
1105 1
1106 1
1107 1
1108 1
1109 1
1110 1
1151 1
1152 1
1153 1
1154 1
1155 1
1156 1
1157 1
1158 1
1159 1
1160 1
1201 1
1202 1
1203 1
1204 1
1205 1
1206 1
1207 1
1208 1
1209 1
1210 1
1251 1
1252 1
1253 1
1254 1
1255 1
1256 1
1257 1
1258 1
1259 1
1260 1
1301 1
1302 1
1303 1
1304 1
1305 1
1306 1
1307 1
1308 1
1309 1
1310 1
1351 1
1352 1
1353 1
1354 1
1371 1
1372 1
1373 1
1374 1
1391 1
1392 1
1393 1
1394 1
1411 1
1412 1
1413 1
1414 1
1431 1
1432 1
1433 1
1434 1
1451 1
1452 1
1453 1
1454 1
1471 1
1472 1
1473 1
1474 1
91 3
92 3
93 3
94 3
95 3
96 3
97 3
98 3
99 3
100 3
191 3
192 3
193 3
194 3
195 3
196 3
197 3
198 3
199 3
200 3
291 3
292 3
293 3
294 3
295 3
296 3
297 3
298 3
299 3
300 3
391 3
392 3
393 3
394 3
395 3
396 3
397 3
398 3
399 3
400 3
491 3
492 3
493 3
494 3
495 3
496 3
497 3
498 3
499 3
500 3
541 3
542 3
543 3
544 3
545 3
546 3
547 3
548 3
549 3
550 3
591 3
592 3
593 3
594 3
595 3
596 3
597 3
598 3
599 3
600 3
641 3
642 3
643 3
644 3
645 3
646 3
647 3
648 3
649 3
650 3
691 3
692 3
693 3
694 3
695 3
696 3
697 3
698 3
699 3
700 3
741 3
742 3
743 3
744 3
745 3
746 3
747 3
748 3
749 3
750 3
791 3
792 3
793 3
794 3
795 3
796 3
797 3
798 3
799 3
800 3
841 3
842 3
843 3
844 3
845 3
846 3
847 3
848 3
849 3
850 3
891 3
892 3
893 3
894 3
895 3
896 3
897 3
898 3
899 3
900 3
941 3
942 3
943 3
944 3
945 3
946 3
947 3
948 3
949 3
950 3
991 3
992 3
993 3
994 3
995 3
996 3
997 3
998 3
999 3
1000 3
1041 3
1042 3
1043 3
1044 3
1045 3
1046 3
1047 3
1048 3
1049 3
1050 3
1091 3
1092 3
1093 3
1094 3
1095 3
1096 3
1097 3
1098 3
1099 3
1100 3
