2 0.0
4235
31507 6
31508 6
31509 6
31510 6
31511 6
31512 6
31513 6
31514 6
31515 6
31516 6
31517 6
31518 6
31519 6
31520 6
31521 6
31522 6
31523 6
31524 6
31525 6
31526 6
31527 6
31528 6
31529 6
31530 6
31531 6
31532 6
31533 6
31534 6
31535 6
31536 6
31537 6
31538 6
31539 6
31540 6
31541 6
31542 6
31543 6
31544 6
31545 6
31546 6
31547 6
31548 6
31549 6
31550 6
31551 6
31552 6
31553 6
31554 6
31555 6
31556 6
31557 6
31558 6
31559 6
31560 6
31561 6
31562 6
31563 6
31564 6
31565 6
31566 6
31567 6
31568 6
31569 6
31570 6
31571 6
31572 6
31573 6
31574 6
31575 6
31576 6
31577 6
31578 6
31579 6
31580 6
31581 6
31582 6
31583 6
31584 6
31585 6
31586 6
31587 6
31588 6
31589 6
31590 6
31591 6
31592 6
31593 6
31594 6
31595 6
31596 6
31597 6
31598 6
31599 6
31600 6
31601 6
31602 6
31603 6
31604 6
31605 6
31606 6
31607 6
31608 6
31609 6
31610 6
31611 6
31612 6
31613 6
31614 6
31615 6
31616 6
31617 6
31618 6
31619 6
31620 6
31621 6
31622 6
31623 6
31624 6
31625 6
31626 6
31627 6
31628 6
31629 6
31630 6
31631 6
31632 6
31633 6
31634 6
31635 6
31636 6
31637 6
31638 6
31639 6
31640 6
31641 6
31642 6
31643 6
31644 6
31645 6
31646 6
31647 6
31648 6
31649 6
31650 6
31651 6
31652 6
31653 6
31654 6
31655 6
31656 6
31657 6
31658 6
31659 6
31660 6
31661 6
31662 6
31663 6
31664 6
31665 6
31666 6
31667 6
31668 6
31669 6
31670 6
31671 6
31672 6
31673 6
31674 6
31675 6
31676 6
31677 6
31678 6
31679 6
31680 6
31681 6
31682 6
31683 6
31684 6
31685 6
31686 6
31687 6
31688 6
31689 6
31690 6
31691 6
31692 6
31693 6
31694 6
31695 6
31696 6
31697 6
31698 6
31699 6
31700 6
31701 6
31702 6
31703 6
31704 6
31705 6
31706 6
31707 6
31708 6
31709 6
31710 6
31711 6
31712 6
31713 6
31714 6
31715 6
31716 6
31717 6
31718 6
31719 6
31720 6
31721 6
31722 6
31723 6
31724 6
31725 6
31726 6
31727 6
31728 6
31729 6
31730 6
31731 6
31732 6
31733 6
31734 6
31735 6
31736 6
31737 6
31738 6
31739 6
31740 6
31741 6
31742 6
31743 6
31744 6
31745 6
31746 6
31747 6
31748 6
31749 6
31750 6
31751 6
31752 6
31753 6
31754 6
31755 6
31756 6
31757 6
31758 6
31759 6
31760 6
31761 6
31762 6
31763 6
31764 6
31765 6
31766 6
31767 6
31768 6
31769 6
31770 6
31771 6
31772 6
31773 6
31774 6
31775 6
31776 6
31777 6
31778 6
31779 6
31780 6
31781 6
31782 6
31783 6
31784 6
31785 6
31786 6
31787 6
31788 6
31789 6
31790 6
31791 6
31792 6
31793 6
31794 6
31795 6
31796 6
31797 6
31798 6
31799 6
31800 6
31801 6
31802 6
31803 6
31804 6
31805 6
31806 6
31807 6
31808 6
31809 6
31810 6
31811 6
31812 6
31813 6
31814 6
31815 6
31816 6
31817 6
31818 6
31819 6
31820 6
31821 6
31822 6
31823 6
31824 6
31825 6
31826 6
31827 6
31828 6
31829 6
31830 6
31831 6
31832 6
31833 6
31834 6
31835 6
31836 6
31837 6
31838 6
31839 6
31840 6
31841 6
31842 6
31843 6
31844 6
31845 6
31846 6
31847 6
31848 6
31849 6
31850 6
31851 6
31852 6
31853 6
31854 6
31855 6
31856 6
31857 6
31858 6
31859 6
31860 6
31861 6
31862 6
31863 6
31864 6
31865 6
31866 6
31867 6
31868 6
31869 6
31870 6
31871 6
31872 6
31873 6
31874 6
31875 6
31876 6
31877 6
31878 6
31879 6
31880 6
31881 6
31882 6
31883 6
31884 6
31885 6
31886 6
31887 6
31888 6
31889 6
31890 6
31891 6
31892 6
31893 6
31894 6
31895 6
31896 6
31897 6
31898 6
31899 6
31900 6
31901 6
31902 6
31903 6
31904 6
31905 6
31906 6
31907 6
31908 6
31909 6
31910 6
31911 6
31912 6
31913 6
31914 6
31915 6
31916 6
31917 6
31918 6
31919 6
31920 6
31921 6
31922 6
31923 6
31924 6
31925 6
31926 6
31927 6
31928 6
31929 6
31930 6
31931 6
31932 6
31933 6
31934 6
31935 6
31936 6
31937 6
31938 6
31939 6
31940 6
31941 6
31942 6
31943 6
31944 6
31945 6
31946 6
31947 6
31948 6
31949 6
31950 6
31951 6
31952 6
31953 6
31954 6
31955 6
31956 6
31957 6
31958 6
31959 6
31960 6
31961 6
31962 6
31963 6
31964 6
31965 6
31966 6
31967 6
31968 6
31969 6
31970 6
31971 6
31972 6
31973 6
31974 6
31975 6
31976 6
31977 6
31978 6
31979 6
31980 6
31981 6
31982 6
31983 6
31984 6
31985 6
31986 6
31987 6
31988 6
31989 6
31990 6
31991 6
31992 6
31993 6
31994 6
31995 6
31996 6
31997 6
31998 6
31999 6
32000 6
32001 6
32002 6
32003 6
32004 6
32005 6
32006 6
32007 6
32008 6
32009 6
32010 6
32011 6
32012 6
32013 6
32014 6
32015 6
32016 6
32017 6
32018 6
32019 6
32020 6
32021 6
32022 6
32023 6
32024 6
32025 6
32026 6
32027 6
32028 6
32029 6
32030 6
32031 6
32032 6
32033 6
32034 6
32035 6
32036 6
32037 6
32038 6
32039 6
32040 6
32041 6
32042 6
32043 6
32044 6
32045 6
32046 6
32047 6
32048 6
32049 6
32050 6
32051 6
32052 6
32053 6
32054 6
32055 6
32056 6
32057 6
32058 6
32059 6
32060 6
32061 6
32062 6
32063 6
32064 6
32065 6
32066 6
32067 6
32068 6
32069 6
32070 6
32071 6
32072 6
32073 6
32074 6
32075 6
32076 6
32077 6
32078 6
32079 6
32080 6
32081 6
32082 6
32083 6
32084 6
32085 6
32086 6
32087 6
32088 6
32089 6
32090 6
32091 6
32092 6
32093 6
32094 6
32095 6
32096 6
32097 6
32098 6
32099 6
32100 6
32101 6
32102 6
32103 6
32104 6
32105 6
32106 6
32107 6
32108 6
32109 6
32110 6
32111 6
32112 6
32113 6
32114 6
32115 6
32116 6
32117 6
32118 6
32119 6
32120 6
32121 6
32122 6
32123 6
32124 6
32125 6
32126 6
32127 6
32128 6
32129 6
32130 6
32131 6
32132 6
32133 6
32134 6
32135 6
32136 6
32137 6
32138 6
32139 6
32140 6
32141 6
32142 6
32143 6
32144 6
32145 6
32146 6
32147 6
32148 6
32149 6
32150 6
32151 6
32152 6
32153 6
32154 6
32155 6
32156 6
32157 6
32158 6
32159 6
32160 6
32161 6
32162 6
32163 6
32164 6
32165 6
32166 6
32167 6
32168 6
32169 6
32170 6
32171 6
32172 6
32173 6
32174 6
32175 6
32176 6
32177 6
32178 6
32179 6
32180 6
32181 6
32182 6
32183 6
32184 6
32185 6
32186 6
32187 6
32188 6
32189 6
32190 6
32191 6
32192 6
32193 6
32194 6
32195 6
32196 6
32197 6
32198 6
32199 6
32200 6
32201 6
32202 6
32203 6
32204 6
32205 6
32206 6
32207 6
32208 6
32209 6
32210 6
32211 6
32212 6
32213 6
32214 6
32215 6
32216 6
32217 6
32218 6
32219 6
32220 6
32221 6
32222 6
32223 6
32224 6
32225 6
32226 6
32227 6
32228 6
32229 6
32230 6
32231 6
32232 6
32233 6
32234 6
32235 6
32236 6
32237 6
32238 6
32239 6
32240 6
32241 6
32242 6
32243 6
32244 6
32245 6
32246 6
32247 6
32248 6
32249 6
32250 6
32251 6
32252 6
32253 6
32254 6
32255 6
32256 6
32257 6
32258 6
32259 6
32260 6
32261 6
32262 6
32263 6
32264 6
32265 6
32266 6
32267 6
32268 6
32269 6
32270 6
32271 6
32272 6
32273 6
32274 6
32275 6
32276 6
32277 6
32278 6
32279 6
32280 6
32281 6
32282 6
32283 6
32284 6
32285 6
32286 6
32287 6
32288 6
32289 6
32290 6
32291 6
32292 6
32293 6
32294 6
32295 6
32296 6
32297 6
32298 6
32299 6
32300 6
32301 6
32302 6
32303 6
32304 6
32305 6
32306 6
32307 6
32308 6
32309 6
32310 6
32311 6
32312 6
32313 6
32314 6
32315 6
32316 6
32317 6
32318 6
32319 6
32320 6
32321 6
32322 6
32323 6
32324 6
32325 6
32326 6
32327 6
32328 6
32329 6
32330 6
32331 6
32332 6
32333 6
32334 6
32335 6
32336 6
32337 6
32338 6
32339 6
32340 6
32341 6
32342 6
32343 6
32344 6
32345 6
32346 6
32347 6
32348 6
32349 6
32350 6
32351 6
32352 6
32353 6
32354 6
32355 6
32356 6
32357 6
32358 6
32359 6
32360 6
32361 6
32362 6
32363 6
32364 6
32365 6
32366 6
32367 6
32368 6
32369 6
32370 6
32371 6
32372 6
32373 6
32374 6
32375 6
32376 6
32377 6
32378 6
32379 6
32380 6
32381 6
32382 6
32383 6
32384 6
32385 6
32386 6
32387 6
32388 6
32389 6
32390 6
32391 6
32392 6
32393 6
32394 6
32395 6
32396 6
32397 6
32398 6
32412 2
32426 2
32440 2
32454 2
32468 2
32482 2
32496 2
32510 2
32524 2
32538 2
32552 2
32566 2
32580 2
32594 2
32608 2
32622 2
32636 2
32650 2
32664 2
32678 2
32692 2
32706 2
32720 2
32734 2
32748 2
32762 2
32776 2
32790 2
32804 2
32818 2
32832 2
32846 2
32860 2
32874 2
32888 2
32902 2
32916 2
32930 2
32944 2
32958 2
32972 2
32986 2
33000 2
33014 2
33028 2
33042 2
33056 2
33070 2
33084 2
33098 2
33112 2
33126 2
33140 2
33154 2
33168 2
33182 2
33196 2
33210 2
33224 2
33238 2
33252 2
33266 2
33280 2
33294 2
33308 2
33322 2
33336 2
33350 2
33364 2
33378 2
33392 2
33406 2
33420 2
33434 2
33448 2
33462 2
33476 2
33490 2
33504 2
33518 2
33532 2
33546 2
33560 2
33574 2
33588 2
33602 2
33616 2
33630 2
33644 2
33658 2
33672 2
33686 2
33700 2
33714 2
33728 2
33742 2
33756 2
33770 2
33784 2
33798 2
33812 2
33826 2
33840 2
33854 2
33868 2
33882 2
33896 2
33910 2
33924 2
33938 2
33952 2
33966 2
33980 2
33994 2
34008 2
34022 2
34036 2
34050 2
34064 2
34078 2
34092 2
34106 2
34120 2
34134 2
34148 2
34162 2
34176 2
34190 2
34204 2
34218 2
34232 2
34246 2
34260 2
34274 2
34288 2
34302 2
34316 2
34330 2
34344 2
34358 2
34372 2
34386 2
34400 2
34414 2
34428 2
34442 2
34456 2
34470 2
34484 2
34498 2
34512 2
34526 2
34540 2
34554 2
34568 2
34582 2
34596 2
34610 2
34624 2
34638 2
34652 2
34666 2
34680 2
34694 2
34708 2
34722 2
34736 2
34750 2
34764 2
34778 2
34792 2
34806 2
34820 2
34834 2
34848 2
34862 2
34876 2
34890 2
34904 2
34918 2
34932 2
34946 2
34960 2
34974 2
34988 2
35002 2
35016 2
35030 2
35044 2
35058 2
35072 2
35086 2
35100 2
35114 2
35128 2
35142 2
35156 2
35170 2
35184 2
35198 2
35212 2
35226 2
35240 2
35254 2
35268 2
35282 2
35296 2
35310 2
35324 2
35338 2
35352 2
35366 2
35380 2
35394 2
35408 2
35422 2
35436 2
35450 2
35464 2
35478 2
35492 2
35506 2
35520 2
35534 2
35548 2
35562 2
35576 2
35590 2
35604 2
35618 2
35632 2
35646 2
35660 2
35674 2
35688 2
35702 2
35716 2
35730 2
35744 2
35758 2
178682 5
178683 5
178684 5
178685 5
178686 5
178687 5
178688 5
178689 5
178690 5
178691 5
178692 5
178693 5
178694 5
178695 5
178696 5
178697 5
178698 5
178699 5
178700 5
178701 5
178702 5
178703 5
178704 5
178705 5
178706 5
178707 5
178708 5
178709 5
178710 5
178711 5
178712 5
178713 5
178714 5
178715 5
178716 5
178717 5
178718 5
178719 5
178720 5
178721 5
178722 5
178723 5
178724 5
178725 5
178726 5
178727 5
178728 5
178729 5
178730 5
178731 5
178732 5
178733 5
178734 5
178735 5
178736 5
178737 5
178738 5
178739 5
178740 5
178741 5
178742 5
178743 5
178744 5
178745 5
178746 5
178747 5
178748 5
178749 5
178750 5
178751 5
178752 5
178753 5
178754 5
178755 5
178756 5
178757 5
178758 5
178759 5
178760 5
178761 5
178762 5
178763 5
178764 5
178765 5
178766 5
178767 5
178768 5
178769 5
178770 5
178771 5
178772 5
178773 5
178774 5
178775 5
178776 5
178777 5
178778 5
178779 5
178780 5
178781 5
178782 5
178783 5
178784 5
178785 5
178786 5
178787 5
178788 5
178789 5
178790 5
178791 5
178792 5
178793 5
178794 5
178795 5
178796 5
178797 5
178798 5
178799 5
178800 5
178801 5
178802 5
178803 5
178804 5
178805 5
178806 5
178807 5
178808 5
178809 5
178810 5
178811 5
178812 5
178813 5
178814 5
178815 5
178816 5
178817 5
178818 5
178819 5
178820 5
178821 5
178822 5
178823 5
178824 5
178825 5
178826 5
178827 5
178828 5
178829 5
178830 5
178831 5
178832 5
178833 5
178834 5
178835 5
178836 5
178837 5
178838 5
178839 5
178840 5
178841 5
178842 5
178843 5
178844 5
178845 5
178846 5
178847 5
178848 5
178849 5
178850 5
178851 5
178852 5
178853 5
178854 5
178855 5
178856 5
178857 5
178858 5
178859 5
178860 5
178861 5
178862 5
178863 5
178864 5
178865 5
178866 5
178867 5
178868 5
178869 5
178870 5
178871 5
178872 5
178873 5
178874 5
178875 5
178876 5
178877 5
178878 5
178879 5
178880 5
178881 5
178882 5
178883 5
178884 5
178885 5
178886 5
178887 5
178888 5
178889 5
178890 5
178891 5
178892 5
178893 5
178894 5
178895 5
178896 5
178897 5
178898 5
178899 5
178900 5
178901 5
178902 5
178903 5
178904 5
178905 5
178906 5
178907 5
178908 5
178909 5
178910 5
178911 5
178912 5
178913 5
178914 5
178915 5
178916 5
178917 5
178918 5
178919 5
178920 5
178921 5
178922 5
178923 5
178924 5
178925 5
178926 5
178927 5
178928 5
178929 5
178930 5
178931 5
178932 5
178933 5
178934 5
178935 5
178936 5
178937 5
178938 5
178939 5
178940 5
178941 5
178942 5
178943 5
178944 5
178945 5
178946 5
178947 5
178948 5
178949 5
178950 5
178951 5
178952 5
178953 5
178954 5
178955 5
178956 5
178957 5
178958 5
178959 5
178960 5
178961 5
178962 5
178963 5
178964 5
178965 5
178966 5
178967 5
178968 5
178969 5
178970 5
178971 5
178972 5
178973 5
178974 5
178975 5
178976 5
178977 5
178978 5
178979 5
178980 5
178981 5
178982 5
178983 5
178984 5
178985 5
178986 5
178987 5
178988 5
178989 5
178990 5
178991 5
178992 5
178993 5
178994 5
178995 5
178996 5
178997 5
178998 5
178999 5
179000 5
179001 5
179002 5
179003 5
179004 5
179005 5
179006 5
179007 5
179008 5
179009 5
179010 5
179011 5
179012 5
179013 5
179014 5
179015 5
179016 5
179017 5
179018 5
179019 5
179020 5
179021 5
179022 5
179023 5
179024 5
179025 5
179026 5
179027 5
179028 5
179029 5
179030 5
179031 5
179032 5
179033 5
179034 5
179035 5
179036 5
179037 5
179038 5
179039 5
179040 5
179041 5
179042 5
179043 5
179044 5
179045 5
179046 5
179047 5
179048 5
179049 5
179050 5
179051 5
179052 5
179053 5
179054 5
179055 5
179056 5
179057 5
179058 5
179059 5
179060 5
179061 5
179062 5
179063 5
179064 5
179065 5
179066 5
179067 5
179068 5
179069 5
179070 5
179071 5
179072 5
179073 5
179074 5
179075 5
179076 5
179077 5
179078 5
179079 5
179080 5
179081 5
179082 5
179083 5
179084 5
179085 5
179086 5
179087 5
179088 5
179089 5
179090 5
179091 5
179092 5
179093 5
179094 5
179095 5
179096 5
179097 5
179098 5
179099 5
179100 5
179101 5
179102 5
179103 5
179104 5
179105 5
179106 5
179107 5
179108 5
179109 5
179110 5
179111 5
179112 5
179113 5
179114 5
179115 5
179116 5
179117 5
179118 5
179119 5
179120 5
179121 5
179122 5
179123 5
179124 5
179125 5
179126 5
179127 5
179128 5
179129 5
179130 5
179131 5
179132 5
179133 5
179134 5
179135 5
179136 5
179137 5
179138 5
179139 5
179140 5
179141 5
179142 5
179143 5
179144 5
179145 5
179146 5
179147 5
179148 5
179149 5
179150 5
179151 5
179152 5
179153 5
179154 5
179155 5
179156 5
179157 5
179158 5
179159 5
179160 5
179161 5
179162 5
179163 5
179164 5
179165 5
179166 5
179167 5
179168 5
179169 5
179170 5
179171 5
179172 5
179173 5
179174 5
179175 5
179176 5
179177 5
179178 5
179179 5
179180 5
179181 5
179182 5
179183 5
179184 5
179185 5
179186 5
179187 5
179188 5
179189 5
179190 5
179191 5
179192 5
179193 5
179194 5
179195 5
179196 5
179197 5
179198 5
179199 5
179200 5
179201 5
179202 5
179203 5
179204 5
179205 5
179206 5
179207 5
179208 5
179209 5
179210 5
179211 5
179212 5
179213 5
179214 5
179215 5
179216 5
179217 5
179218 5
179219 5
179220 5
179221 5
179222 5
179223 5
179224 5
179225 5
179226 5
179227 5
179228 5
179229 5
179230 5
179231 5
179232 5
179233 5
179234 5
179235 5
179236 5
179237 5
179238 5
179239 5
179240 5
179241 5
179242 5
179243 5
179244 5
179245 5
179246 5
179247 5
179248 5
179249 5
179250 5
179251 5
179252 5
179253 5
179254 5
179255 5
179256 5
179257 5
179258 5
179259 5
179260 5
179261 5
179262 5
179263 5
179264 5
179265 5
179266 5
179267 5
179268 5
179269 5
179270 5
179271 5
179272 5
179273 5
179274 5
179275 5
179276 5
179277 5
179278 5
179279 5
179280 5
179281 5
179282 5
179283 5
179284 5
179285 5
179286 5
179287 5
179288 5
179289 5
179290 5
179291 5
179292 5
179293 5
179294 5
179295 5
179296 5
179297 5
179298 5
179299 5
179300 5
179301 5
179302 5
179303 5
179304 5
179305 5
179306 5
179307 5
179308 5
179309 5
179310 5
179311 5
179312 5
179313 5
179314 5
179315 5
179316 5
179317 5
179318 5
179319 5
179320 5
179321 5
179322 5
179323 5
179324 5
179325 5
179326 5
179327 5
179328 5
179329 5
179330 5
179331 5
179332 5
179333 5
179334 5
179335 5
179336 5
179337 5
179338 5
179339 5
179340 5
179341 5
179342 5
179343 5
179344 5
179345 5
179346 5
179347 5
179348 5
179349 5
179350 5
179351 5
179352 5
179353 5
179354 5
179355 5
179356 5
179357 5
179358 5
179359 5
179360 5
179361 5
179362 5
179363 5
179364 5
179365 5
179366 5
179367 5
179368 5
179369 5
179370 5
179371 5
179372 5
179373 5
179374 5
179375 5
179376 5
179377 5
179378 5
179379 5
179380 5
179381 5
179382 5
179383 5
179384 5
179385 5
179386 5
179387 5
179388 5
179389 5
179390 5
179391 5
179392 5
179393 5
179394 5
179395 5
179396 5
179397 5
179398 5
179399 5
179400 5
179401 5
179402 5
179403 5
179404 5
179405 5
179406 5
179407 5
179408 5
179409 5
179410 5
179411 5
179412 5
179413 5
179414 5
179415 5
179416 5
179417 5
179418 5
179419 5
179420 5
179421 5
179422 5
179423 5
179424 5
179425 5
179426 5
179427 5
179428 5
179429 5
179430 5
179431 5
179432 5
179433 5
179434 5
179435 5
179436 5
179437 5
179438 5
179439 5
179440 5
179441 5
179442 5
179443 5
179444 5
179445 5
179446 5
179447 5
179448 5
179449 5
179450 5
179451 5
179452 5
179453 5
179454 5
179455 5
179456 5
179457 5
179458 5
179459 5
179460 5
179461 5
179462 5
179463 5
179464 5
179465 5
179466 5
179467 5
179468 5
179469 5
179470 5
179471 5
179472 5
179473 5
179474 5
179475 5
179476 5
179477 5
179478 5
179479 5
179480 5
179481 5
179482 5
179483 5
179484 5
179485 5
179486 5
179487 5
179488 5
179489 5
179490 5
179491 5
179492 5
179493 5
179494 5
179495 5
179496 5
179497 5
179498 5
179499 5
179500 5
179501 5
179502 5
179503 5
179504 5
179505 5
179506 5
179507 5
179508 5
179509 5
179510 5
179511 5
179512 5
179513 5
179514 5
179515 5
179516 5
179517 5
179518 5
179519 5
179520 5
179521 5
179522 5
179523 5
179524 5
179525 5
179526 5
179527 5
179528 5
179529 5
179530 5
179531 5
179532 5
179533 5
179534 5
179535 5
179536 5
179537 5
179538 5
179539 5
179540 5
179541 5
179542 5
179543 5
179544 5
179545 5
179546 5
179547 5
179548 5
179549 5
179550 5
179551 5
179552 5
179553 5
179554 5
179555 5
179556 5
179557 5
179558 5
179559 5
179560 5
179561 5
179562 5
179563 5
179564 5
179565 5
179566 5
179567 5
179568 5
179569 5
179570 5
179571 5
179572 5
179573 5
179574 5
179575 5
179576 5
179577 5
179578 5
179579 5
179580 5
179581 5
179582 5
179583 5
179584 5
179585 5
179586 5
179587 5
179588 5
179589 5
179590 5
179591 5
179592 5
179593 5
179594 5
179595 5
179596 5
179597 5
179598 5
179599 5
179600 5
179601 5
179602 5
179603 5
179604 5
179605 5
179606 5
179607 5
179608 5
179609 5
179610 5
179611 5
179612 5
179613 5
179614 5
179615 5
179616 5
179617 5
179618 5
179619 5
179620 5
179621 5
179622 5
179623 5
179624 5
179625 5
179626 5
179627 5
179628 5
179629 5
179630 5
179631 5
179632 5
179633 5
179634 5
179635 5
179636 5
179637 5
179638 5
179639 5
179640 5
179641 5
179642 5
179643 5
179644 5
179645 5
179646 5
179647 5
179648 5
179649 5
179650 5
179651 5
179652 5
179653 5
179654 5
179655 5
179656 5
179657 5
179658 5
179659 5
179660 5
179661 5
179662 5
179663 5
179664 5
179665 5
179666 5
179667 5
179668 5
179669 5
179670 5
179671 5
179672 5
179673 5
179674 5
179675 5
179676 5
179677 5
179678 5
179679 5
179680 5
179681 5
179682 5
179683 5
179684 5
179685 5
179686 5
179687 5
179688 5
179689 5
179690 5
179691 5
179692 5
179693 5
179694 5
179695 5
179696 5
179697 5
179698 5
179699 5
179700 5
179701 5
179702 5
179703 5
179704 5
179705 5
179706 5
179707 5
179708 5
179709 5
179710 5
179711 5
179712 5
179713 5
179714 5
179715 5
179716 5
179717 5
179718 5
179719 5
179720 5
179721 5
179722 5
179723 5
179724 5
179725 5
179726 5
179727 5
179728 5
179729 5
179730 5
179731 5
179732 5
179733 5
179734 5
179735 5
179736 5
179737 5
179738 5
179739 5
179740 5
179741 5
179742 5
179743 5
179744 5
179745 5
179746 5
179747 5
179748 5
179749 5
179750 5
179751 5
179752 5
179753 5
179754 5
179755 5
179756 5
179757 5
179758 5
179759 5
179760 5
179761 5
179762 5
179763 5
179764 5
179765 5
179766 5
179767 5
179768 5
179769 5
179770 5
179771 5
179772 5
179773 5
179774 5
179775 5
179776 5
179777 5
179778 5
179779 5
179780 5
179781 5
179782 5
179783 5
179784 5
179785 5
179786 5
179787 5
179788 5
179789 5
179790 5
179791 5
179792 5
179793 5
179794 5
179795 5
179796 5
179797 5
179798 5
179799 5
179800 5
179801 5
179802 5
179803 5
179804 5
179805 5
179806 5
179807 5
179808 5
179809 5
179810 5
179811 5
179812 5
179813 5
179814 5
179815 5
179816 5
179817 5
179818 5
179819 5
179820 5
179821 5
179822 5
179823 5
179824 5
179825 5
179826 5
179827 5
179828 5
179829 5
179830 5
179831 5
179832 5
179833 5
179834 5
179835 5
179836 5
179837 5
179838 5
179839 5
179840 5
179841 5
179842 5
179843 5
179844 5
179845 5
179846 5
179847 5
179848 5
179849 5
179850 5
179851 5
179852 5
179853 5
179854 5
179855 5
179856 5
179857 5
179858 5
179859 5
179860 5
179861 5
179862 5
179863 5
179864 5
179865 5
179866 5
179867 5
179868 5
179869 5
179870 5
179871 5
179872 5
179873 5
179874 5
179875 5
179876 5
179877 5
179878 5
179879 5
179880 5
179881 5
179882 5
179883 5
179884 5
179885 5
179886 5
179887 5
179888 5
179889 5
179890 5
179891 5
179892 5
179893 5
179894 5
179895 5
179896 5
179897 5
179898 5
179899 5
179900 5
179901 5
179902 5
179903 5
179904 5
179905 5
179906 5
179907 5
179908 5
179909 5
179910 5
179911 5
179912 5
179913 5
179914 5
179915 5
179916 5
179917 5
179918 5
179919 5
179920 5
179921 5
179922 5
179923 5
179924 5
179925 5
179926 5
179927 5
179928 5
179929 5
179930 5
179931 5
179932 5
179933 5
179934 5
179935 5
179936 5
179937 5
179938 5
179939 5
179940 5
179941 5
179942 5
179943 5
179944 5
179945 5
179946 5
179947 5
179948 5
179949 5
179950 5
179951 5
179952 5
179953 5
179954 5
179955 5
179956 5
179957 5
179958 5
179959 5
179960 5
179961 5
179962 5
179963 5
179964 5
179965 5
179966 5
179967 5
179968 5
179969 5
179970 5
179971 5
179972 5
179973 5
179974 5
179975 5
179976 5
179977 5
179978 5
179979 5
179980 5
179981 5
179982 5
179983 5
179984 5
179985 5
179986 5
179987 5
179988 5
179989 5
179990 5
179991 5
179992 5
179993 5
179994 5
179995 5
179996 5
179997 5
179998 5
179999 5
180000 5
180001 5
180002 5
180003 5
180004 5
180005 5
180006 5
180007 5
180008 5
180009 5
180010 5
180011 5
180012 5
180013 5
180014 5
180015 5
180016 5
180017 5
180018 5
180019 5
180020 5
180021 5
180022 5
180023 5
180024 5
180025 5
180026 5
180027 5
180028 5
180029 5
180030 5
180031 5
180032 5
180033 5
180034 5
180035 5
180036 5
180037 5
180038 5
180039 5
180040 5
159981 6
159982 6
159983 6
159984 6
159985 6
159986 6
159987 6
159988 6
159989 6
159990 6
159991 6
159992 6
159993 6
159994 6
159995 6
159996 6
159997 6
159998 6
159999 6
160000 6
160001 6
160002 6
160003 6
160004 6
160005 6
160006 6
160007 6
160008 6
160009 6
160010 6
160011 6
160012 6
160013 6
160014 6
160015 6
160016 6
160017 6
160018 6
160019 6
160020 6
160021 6
160022 6
160023 6
160024 6
160025 6
160026 6
160027 6
160028 6
160029 6
160030 6
160031 6
160032 6
160033 6
160034 6
160035 6
160036 6
160037 6
160038 6
160039 6
160040 6
160041 6
160042 6
160043 6
160044 6
160045 6
160046 6
160047 6
160048 6
160049 6
160050 6
160051 6
160052 6
160053 6
160054 6
160055 6
160056 6
160057 6
160058 6
160059 6
160060 6
160061 6
160062 6
160063 6
160064 6
160065 6
160066 6
160067 6
160068 6
160069 6
160070 6
160071 6
160072 6
160073 6
160074 6
160075 6
160076 6
160077 6
160078 6
160079 6
160080 6
160081 6
160082 6
160083 6
160084 6
160085 6
160086 6
160087 6
160088 6
160089 6
160090 6
160091 6
160092 6
160093 6
160094 6
160095 6
160096 6
160097 6
160098 6
160099 6
160100 6
160101 6
160102 6
160103 6
160104 6
160105 6
160106 6
160107 6
160108 6
160109 6
160110 6
160111 6
160112 6
160113 6
160114 6
160115 6
160116 6
160117 6
160118 6
160119 6
160120 6
160121 6
160122 6
160123 6
160124 6
160125 6
160126 6
160127 6
160128 6
160129 6
160130 6
160131 6
160132 6
160133 6
160134 6
160135 6
160136 6
160137 6
160138 6
160139 6
160140 6
160141 6
160142 6
160143 6
160144 6
160145 6
160146 6
160147 6
160148 6
160149 6
160150 6
160151 6
160152 6
160153 6
160154 6
160155 6
160156 6
160157 6
160158 6
160159 6
160160 6
160161 6
160162 6
160163 6
160164 6
160165 6
160166 6
160167 6
160168 6
160169 6
160170 6
160171 6
160172 6
160173 6
160174 6
160175 6
160176 6
160177 6
160178 6
160179 6
160180 6
160181 6
160182 6
160183 6
160184 6
160185 6
160186 6
160187 6
160188 6
160189 6
160190 6
160191 6
160192 6
160193 6
160194 6
160195 6
160196 6
160197 6
160198 6
160199 6
160200 6
160201 6
160202 6
160203 6
160204 6
160205 6
160206 6
160207 6
160208 6
160209 6
160210 6
160211 6
160212 6
160213 6
160214 6
160215 6
160216 6
160217 6
160218 6
160219 6
160220 6
160221 6
160222 6
160223 6
160224 6
160225 6
160226 6
160227 6
160228 6
160229 6
160230 6
160231 6
160232 6
160233 6
160234 6
160235 6
160236 6
160237 6
160238 6
160239 6
160240 6
160241 6
160242 6
160243 6
160244 6
160245 6
160246 6
160247 6
160248 6
160249 6
160250 6
160251 6
160252 6
160253 6
160254 6
160255 6
160256 6
160257 6
160258 6
160259 6
160260 6
160261 6
160262 6
160263 6
160264 6
160265 6
160266 6
160267 6
160268 6
160269 6
160270 6
160271 6
160272 6
160273 6
160274 6
160275 6
160276 6
160277 6
160278 6
160279 6
160280 6
160281 6
160282 6
160283 6
160284 6
160285 6
160286 6
160287 6
160288 6
160289 6
160290 6
160291 6
160292 6
160293 6
160294 6
160295 6
160296 6
160297 6
160298 6
160299 6
160300 6
160301 6
160302 6
160303 6
160304 6
160305 6
160306 6
160307 6
160308 6
160309 6
160310 6
160311 6
160312 6
160313 6
160314 6
160315 6
160316 6
160317 6
160318 6
160319 6
160320 6
160321 6
160322 6
160323 6
160324 6
160325 6
160326 6
160327 6
160328 6
160329 6
160330 6
160331 6
160332 6
160333 6
160334 6
160335 6
160336 6
160337 6
160338 6
160339 6
160340 6
160341 6
160342 6
160343 6
160344 6
160345 6
160346 6
160347 6
160348 6
160349 6
160350 6
160351 6
160352 6
160353 6
160354 6
160355 6
160356 6
160357 6
160358 6
160359 6
160360 6
160361 6
160362 6
160363 6
160364 6
160365 6
160366 6
160367 6
160368 6
160369 6
160370 6
160371 6
160372 6
160373 6
160374 6
160375 6
160376 6
160377 6
160378 6
160379 6
160380 6
160381 6
160382 6
160383 6
160384 6
160385 6
160386 6
160387 6
160388 6
160389 6
160390 6
160391 6
160392 6
160393 6
160394 6
160395 6
160396 6
160397 6
160398 6
160399 6
160400 6
160401 6
160402 6
160403 6
160404 6
160405 6
160406 6
160407 6
160408 6
160409 6
160410 6
160411 6
160412 6
160413 6
160414 6
160415 6
160416 6
160417 6
160418 6
160419 6
160420 6
160421 6
160422 6
160423 6
160424 6
160425 6
160426 6
160427 6
160428 6
160429 6
160430 6
160431 6
160432 6
160433 6
160434 6
160435 6
160436 6
160437 6
160438 6
160439 6
160440 6
160441 6
160442 6
160443 6
160444 6
160445 6
160446 6
160447 6
160448 6
160449 6
160450 6
160451 6
160452 6
160453 6
160454 6
160455 6
160456 6
160457 6
160458 6
160459 6
160460 6
160461 6
160462 6
160463 6
160464 6
160465 6
160466 6
160467 6
160468 6
160469 6
160470 6
160471 6
160472 6
160473 6
160474 6
160475 6
160476 6
160477 6
160478 6
160479 6
160480 6
160481 6
160482 6
160483 6
160484 6
160485 6
160486 6
160487 6
160488 6
160489 6
160490 6
160491 6
160492 6
160493 6
160494 6
160495 6
160496 6
160497 6
160498 6
160499 6
160500 6
160501 6
160502 6
160503 6
160504 6
160505 6
160506 6
160507 6
160508 6
160509 6
160510 6
160511 6
160512 6
160513 6
160514 6
160515 6
160516 6
160517 6
160518 6
160519 6
160520 6
160521 6
160522 6
160523 6
160524 6
160525 6
160526 6
160527 6
160528 6
160529 6
160530 6
160531 6
160532 6
160533 6
160534 6
160535 6
160536 6
160537 6
160538 6
160539 6
160540 6
160541 6
160542 6
160543 6
160544 6
160545 6
160546 6
160547 6
160548 6
160549 6
160550 6
160551 6
160552 6
160553 6
160554 6
160555 6
160556 6
160557 6
160558 6
160559 6
160560 6
160561 6
160562 6
160563 6
160564 6
160565 6
160566 6
160567 6
160568 6
160569 6
160570 6
160571 6
160572 6
160573 6
160574 6
160575 6
160576 6
160577 6
160578 6
160579 6
160580 6
160581 6
160582 6
160583 6
160584 6
160585 6
160586 6
160587 6
160588 6
160589 6
160590 6
160591 6
160592 6
160593 6
160594 6
160595 6
160596 6
160597 6
160598 6
160599 6
160600 6
160601 6
160602 6
160603 6
160604 6
160605 6
160606 6
160607 6
160608 6
160609 6
160610 6
160611 6
160612 6
160613 6
160614 6
160615 6
160616 6
160617 6
160618 6
160619 6
160620 6
160621 6
160622 6
160623 6
160624 6
160625 6
160626 6
160627 6
160628 6
160629 6
160630 6
160631 6
160632 6
160633 6
160634 6
160635 6
160636 6
160637 6
160638 6
160639 6
160640 6
160641 6
160642 6
160643 6
160644 6
160645 6
160646 6
160647 6
160648 6
160649 6
160650 6
160651 6
160652 6
160653 6
160654 6
160655 6
160656 6
160657 6
160658 6
160659 6
160660 6
160661 6
160662 6
160663 6
160664 6
160665 6
160666 6
160667 6
160668 6
160669 6
160670 6
160671 6
160672 6
160673 6
160674 6
160675 6
160676 6
160677 6
160678 6
160679 6
160680 6
160681 6
160682 6
160683 6
160684 6
160685 6
160686 6
160687 6
160688 6
160689 6
160690 6
160691 6
160692 6
160693 6
160694 6
160695 6
160696 6
160697 6
160698 6
160699 6
160700 6
160701 6
160702 6
160703 6
160704 6
160705 6
160706 6
160707 6
160708 6
160709 6
160710 6
160711 6
160712 6
160713 6
160714 6
160715 6
160716 6
160717 6
160718 6
160719 6
160720 6
160721 6
160722 6
160723 6
160724 6
160725 6
160726 6
160727 6
160728 6
160729 6
160730 6
160731 6
160732 6
160733 6
160734 6
160735 6
160736 6
160737 6
160738 6
160739 6
160740 6
160741 6
160742 6
160743 6
160744 6
160745 6
160746 6
160747 6
160748 6
160749 6
160750 6
160751 6
160752 6
160753 6
160754 6
160755 6
160756 6
160757 6
160758 6
160759 6
160760 6
160761 6
160762 6
160763 6
160764 6
160765 6
160766 6
160767 6
160768 6
160769 6
160770 6
160771 6
160772 6
160773 6
160774 6
160775 6
160776 6
160777 6
160778 6
160779 6
160780 6
160781 6
160782 6
160783 6
160784 6
160785 6
160786 6
160787 6
160788 6
160789 6
160790 6
160791 6
160792 6
160793 6
160794 6
160795 6
160796 6
160797 6
160798 6
160799 6
160800 6
160801 6
160802 6
160803 6
160804 6
160805 6
160806 6
160807 6
160808 6
160809 6
160810 6
160811 6
160812 6
160813 6
160814 6
160815 6
160816 6
160817 6
160818 6
160819 6
160820 6
160821 6
160822 6
160823 6
160824 6
160825 6
160826 6
160827 6
160828 6
160829 6
160830 6
160831 6
160832 6
160833 6
160834 6
160835 6
160836 6
160837 6
160838 6
160839 6
160840 6
160841 6
160842 6
160843 6
160844 6
160845 6
160846 6
160847 6
160848 6
160849 6
160850 6
160851 6
160852 6
160853 6
160854 6
160855 6
160856 6
160857 6
160858 6
160859 6
160860 6
160861 6
160862 6
160863 6
160864 6
160865 6
160866 6
160867 6
160868 6
160869 6
160870 6
160871 6
160872 6
160873 6
160874 6
160875 6
160876 6
160877 6
160878 6
160879 6
160880 6
160881 6
160882 6
160883 6
160884 6
160885 6
160886 6
160887 6
160888 6
160889 6
160890 6
160891 6
160892 6
160893 6
160894 6
160895 6
160896 6
160897 6
160898 6
160899 6
160900 6
160901 6
160902 6
160903 6
160904 6
160905 6
160906 6
160907 6
160908 6
160909 6
160910 6
160911 6
160912 6
160913 6
160914 6
160915 6
160916 6
160917 6
160918 6
160919 6
160920 6
160921 6
160922 6
160923 6
160924 6
160925 6
160926 6
160927 6
160928 6
160929 6
160930 6
160931 6
160932 6
160933 6
160934 6
160935 6
160936 6
160937 6
160938 6
160939 6
160940 6
160941 6
160942 6
160943 6
160944 6
160945 6
160946 6
160947 6
160948 6
160949 6
160950 6
160951 6
160952 6
160953 6
160954 6
160955 6
160956 6
160957 6
160958 6
160959 6
160960 6
160961 6
160962 6
160963 6
160964 6
160965 6
160966 6
160967 6
160968 6
160969 6
160970 6
160971 6
160972 6
160973 6
160974 6
160975 6
160976 6
160977 6
160978 6
160979 6
160980 6
160981 6
160982 6
160983 6
160984 6
160985 6
160986 6
160987 6
160988 6
160989 6
160990 6
160991 6
160992 6
160993 6
160994 6
160995 6
160996 6
160997 6
160998 6
160999 6
161000 6
161001 6
161002 6
161003 6
161004 6
161005 6
161006 6
161007 6
161008 6
161009 6
161010 6
161011 6
161012 6
161013 6
161014 6
36097 3
36098 3
36099 3
36100 3
36101 3
36102 3
36103 3
36104 3
36105 3
36106 3
36107 3
36108 3
36109 3
36110 3
36111 3
36112 3
36113 3
36114 3
36115 3
36116 3
36117 3
36118 3
36119 3
36120 3
36121 3
36122 3
36461 3
36462 3
36463 3
36464 3
36465 3
36466 3
36467 3
36468 3
36469 3
36470 3
36471 3
36472 3
36473 3
36474 3
36475 3
36476 3
36477 3
36478 3
36479 3
36480 3
36481 3
36482 3
36483 3
36484 3
36485 3
36486 3
36825 3
36826 3
36827 3
36828 3
36829 3
36830 3
36831 3
36832 3
36833 3
36834 3
36835 3
36836 3
36837 3
36838 3
36839 3
36840 3
36841 3
36842 3
36843 3
36844 3
36845 3
36846 3
36847 3
36848 3
36849 3
36850 3
37189 3
37190 3
37191 3
37192 3
37193 3
37194 3
37195 3
37196 3
37197 3
37198 3
37199 3
37200 3
37201 3
37202 3
37203 3
37204 3
37205 3
37206 3
37207 3
37208 3
37209 3
37210 3
37211 3
37212 3
37213 3
37214 3
37553 3
37554 3
37555 3
37556 3
37557 3
37558 3
37559 3
37560 3
37561 3
37562 3
37563 3
37564 3
37565 3
37566 3
37567 3
37568 3
37569 3
37570 3
37571 3
37572 3
37573 3
37574 3
37575 3
37576 3
37577 3
37578 3
37917 3
37918 3
37919 3
37920 3
37921 3
37922 3
37923 3
37924 3
37925 3
37926 3
37927 3
37928 3
37929 3
37930 3
37931 3
37932 3
37933 3
37934 3
37935 3
37936 3
37937 3
37938 3
37939 3
37940 3
37941 3
37942 3
281939 6
281940 6
281941 6
281942 6
281943 6
281944 6
281945 6
281946 6
281947 6
281948 6
281949 6
281950 6
281951 6
281952 6
281953 6
281954 6
281955 6
281956 6
281957 6
281958 6
281959 6
281960 6
281961 6
281962 6
281963 6
281964 6
281965 6
281966 6
281967 6
281968 6
281969 6
281970 6
281971 6
281972 6
281973 6
281974 6
281975 6
281976 6
281977 6
281978 6
281979 6
281980 6
281981 6
281982 6
281983 6
281984 6
281985 6
281986 6
281987 6
281988 6
281989 6
281990 6
281991 6
281992 6
281993 6
281994 6
281995 6
281996 6
281997 6
281998 6
281999 6
282000 6
282001 6
282002 6
282003 6
282004 6
282005 6
282006 6
282007 6
282008 6
282009 6
282010 6
282011 6
282012 6
282013 6
282014 6
282015 6
282016 6
282017 6
282018 6
282019 6
282020 6
282021 6
282022 6
282023 6
282024 6
282025 6
282026 6
282027 6
282028 6
282029 6
282030 6
282031 6
282032 6
282033 6
282034 6
282035 6
282036 6
282037 6
282038 6
282039 6
282040 6
282041 6
282042 6
282043 6
282044 6
282045 6
282046 6
282047 6
282048 6
282049 6
282050 6
282051 6
282052 6
282053 6
282054 6
282055 6
282056 6
282057 6
282058 6
282059 6
282060 6
282061 6
282062 6
282063 6
282064 6
282065 6
282066 6
282067 6
282068 6
282069 6
282070 6
282071 6
282072 6
282073 6
282074 6
282075 6
282076 6
282077 6
282078 6
282079 6
282080 6
282081 6
282082 6
282083 6
282084 6
282085 6
282086 6
282087 6
282088 6
282089 6
282090 6
282091 6
282092 6
282093 6
282094 6
282095 6
282096 6
282097 6
282098 6
282099 6
282100 6
282101 6
282102 6
282103 6
282104 6
282105 6
282106 6
282107 6
282108 6
282109 6
282110 6
282111 6
282112 6
282113 6
282114 6
282115 6
282116 6
282117 6
282118 6
282119 6
282120 6
282121 6
282122 6
282123 6
282124 6
282125 6
282126 6
282127 6
282128 6
282129 6
282130 6
282131 6
282132 6
282133 6
282134 6
282135 6
282136 6
282137 6
282138 6
282139 6
282140 6
282141 6
282142 6
282143 6
282144 6
282145 6
282146 6
282147 6
282148 6
282149 6
282150 6
282151 6
282152 6
282153 6
282154 6
282155 6
282156 6
282157 6
282158 6
282159 6
282160 6
282161 6
282162 6
282163 6
282164 6
282165 6
282166 6
282167 6
282168 6
282169 6
282170 6
282171 6
282172 6
282173 6
282174 6
282175 6
282176 6
282177 6
282178 6
282179 6
282180 6
282181 6
282182 6
282183 6
282184 6
282185 6
282186 6
282187 6
282188 6
282189 6
282190 6
282191 6
282192 6
282193 6
282194 6
282195 6
282196 6
282197 6
282198 6
282199 6
282200 6
282201 6
282202 6
282203 6
282204 6
282205 6
282206 6
282207 6
282208 6
282209 6
282210 6
282211 6
282212 6
282213 6
282214 6
282215 6
282216 6
282217 6
282218 6
282219 6
282220 6
282221 6
282222 6
282223 6
282224 6
282225 6
282226 6
282227 6
282228 6
282229 6
282230 6
282231 6
282232 6
282233 6
282234 6
282235 6
282236 6
282237 6
282238 6
282239 6
282240 6
282241 6
282242 6
282243 6
282244 6
282245 6
282246 6
282247 6
282248 6
282249 6
282250 6
282251 6
282252 6
282253 6
282254 6
282255 6
282256 6
282257 6
282258 6
282259 6
282260 6
282261 6
282262 6
282263 6
282264 6
282265 6
282266 6
282267 6
282268 6
282269 6
282270 6
282271 6
282272 6
282273 6
282274 6
282275 6
282276 6
282277 6
282278 6
282279 6
282280 6
282281 6
282282 6
282283 6
282284 6
282285 6
282286 6
282287 6
282288 6
282289 6
282290 6
282291 6
282292 6
282293 6
282294 6
282295 6
282296 6
282297 6
282298 6
282299 6
282300 6
282301 6
282302 6
282303 6
282304 6
282305 6
282306 6
282307 6
282308 6
282309 6
282310 6
282311 6
282312 6
282313 6
282314 6
282315 6
282316 6
282317 6
282318 6
282319 6
282320 6
282321 6
282322 6
282323 6
282324 6
282325 6
282326 6
282327 6
282328 6
282329 6
282330 6
282331 6
282332 6
282333 6
282334 6
282335 6
282336 6
282337 6
282338 6
282339 6
282340 6
282341 6
282342 6
282343 6
282344 6
282345 6
282346 6
282347 6
282348 6
282349 6
282350 6
282351 6
282352 6
282353 6
282354 6
282355 6
282356 6
282357 6
282358 6
282359 6
282360 6
282361 6
282362 6
282363 6
282364 6
282365 6
282366 6
282367 6
282368 6
282369 6
282370 6
282371 6
282372 6
282373 6
282374 6
282375 6
282376 6
282377 6
282378 6
282379 6
282380 6
282381 6
282382 6
282383 6
282384 6
282385 6
282386 6
282387 6
282388 6
282389 6
282390 6
282391 6
282392 6
282393 6
282394 6
282395 6
282396 6
282397 6
282398 6
282399 6
282400 6
282401 6
282402 6
282403 6
282404 6
282405 6
282406 6
282407 6
282408 6
282409 6
282410 6
282411 6
282412 6
282413 6
282414 6
282415 6
282416 6
282417 6
282418 6
282419 6
282420 6
282421 6
282422 6
282423 6
282424 6
282425 6
282426 6
282427 6
282428 6
282429 6
282430 6
282431 6
282432 6
282433 6
282434 6
282435 6
282436 6
282437 6
282438 6
282439 6
282440 6
282441 6
282442 6
282443 6
282444 6
282445 6
282446 6
282447 6
282448 6
282449 6
282450 6
282451 6
282452 6
282453 6
282454 6
282455 6
282456 6
282457 6
282458 6
282459 6
282460 6
282461 6
282462 6
282463 6
282464 6
282465 6
282466 6
282467 6
282468 6
282469 6
282470 6
282471 6
282472 6
282473 6
282474 6
282475 6
282476 6
282477 6
282478 6
282479 6
282480 6
282481 6
282482 6
282483 6
282484 6
282485 6
282486 6
282487 6
282488 6
282489 6
282490 6
282491 6
282492 6
