2 0.0
300
10 2
20 2
30 2
40 2
50 2
60 2
70 2
80 2
90 2
100 2
110 2
120 2
130 2
140 2
150 2
160 2
170 2
180 2
190 2
200 2
210 2
220 2
230 2
240 2
250 2
260 2
270 2
280 2
290 2
300 2
310 2
320 2
330 2
340 2
350 2
360 2
370 2
380 2
390 2
400 2
410 2
420 2
430 2
440 2
450 2
460 2
470 2
480 2
490 2
500 2
504 2
508 2
512 2
516 2
520 2
524 2
528 2
532 2
536 2
540 2
544 2
548 2
552 2
556 2
560 2
564 2
568 2
572 2
576 2
580 2
584 2
588 2
592 2
596 2
600 2
604 2
608 2
612 2
616 2
620 2
624 2
628 2
632 2
636 2
640 2
644 2
648 2
652 2
656 2
660 2
664 2
668 2
672 2
676 2
680 2
684 2
688 2
692 2
696 2
700 2
1 5
2 5
3 5
4 5
5 5
6 5
7 5
8 5
9 5
10 5
11 5
12 5
13 5
14 5
15 5
16 5
17 5
18 5
19 5
20 5
21 5
22 5
23 5
24 5
25 5
26 5
27 5
28 5
29 5
30 5
31 5
32 5
33 5
34 5
35 5
36 5
37 5
38 5
39 5
40 5
41 5
42 5
43 5
44 5
45 5
46 5
47 5
48 5
49 5
50 5
501 5
502 5
503 5
504 5
505 5
506 5
507 5
508 5
509 5
510 5
511 5
512 5
513 5
514 5
515 5
516 5
517 5
518 5
519 5
520 5
701 5
702 5
703 5
704 5
705 5
706 5
707 5
708 5
709 5
710 5
801 5
802 5
803 5
804 5
805 5
806 5
807 5
808 5
809 5
810 5
910 2
920 2
930 2
940 2
950 2
960 2
970 2
980 2
990 2
1000 2
451 6
452 6
453 6
454 6
455 6
456 6
457 6
458 6
459 6
460 6
461 6
462 6
463 6
464 6
465 6
466 6
467 6
468 6
469 6
470 6
471 6
472 6
473 6
474 6
475 6
476 6
477 6
478 6
479 6
480 6
481 6
482 6
483 6
484 6
485 6
486 6
487 6
488 6
489 6
490 6
491 6
492 6
493 6
494 6
495 6
496 6
497 6
498 6
499 6
500 6
681 6
682 6
683 6
684 6
685 6
686 6
687 6
688 6
689 6
690 6
691 6
692 6
693 6
694 6
695 6
696 6
697 6
698 6
699 6
700 6
791 6
792 6
793 6
794 6
795 6
796 6
797 6
798 6
799 6
800 6
891 6
892 6
893 6
894 6
895 6
896 6
897 6
898 6
899 6
900 6
901 4
911 4
921 4
931 4
941 4
951 4
961 4
971 4
981 4
991 4
