100
10 2
20 2
30 2
40 2
50 2
60 2
70 2
80 2
90 2
100 2
110 2
120 2
130 2
140 2
150 2
160 2
170 2
180 2
190 2
200 2
210 2
220 2
230 2
240 2
250 2
260 2
270 2
280 2
290 2
300 2
310 2
320 2
330 2
340 2
350 2
360 2
370 2
380 2
390 2
400 2
410 2
420 2
430 2
440 2
450 2
460 2
470 2
480 2
490 2
500 2
504 2
508 2
512 2
516 2
520 2
524 2
528 2
532 2
536 2
540 2
544 2
548 2
552 2
556 2
560 2
564 2
568 2
572 2
576 2
580 2
584 2
588 2
592 2
596 2
600 2
604 2
608 2
612 2
616 2
620 2
624 2
628 2
632 2
636 2
640 2
644 2
648 2
652 2
656 2
660 2
664 2
668 2
672 2
676 2
680 2
684 2
688 2
692 2
696 2
700 2
