1700
1 2 3 4 5 6 7 8 
2 9 10 3 6 11 12 7 
9 13 14 10 11 15 16 12 
13 17 18 14 15 19 20 16 
17 21 22 18 19 23 24 20 
21 25 26 22 23 27 28 24 
25 29 30 26 27 31 32 28 
29 33 34 30 31 35 36 32 
33 37 38 34 35 39 40 36 
37 41 42 38 39 43 44 40 
4 3 45 46 8 7 47 48 
3 10 49 45 7 12 50 47 
10 14 51 49 12 16 52 50 
14 18 53 51 16 20 54 52 
18 22 55 53 20 24 56 54 
22 26 57 55 24 28 58 56 
26 30 59 57 28 32 60 58 
30 34 61 59 32 36 62 60 
34 38 63 61 36 40 64 62 
38 42 65 63 40 44 66 64 
46 45 67 68 48 47 69 70 
45 49 71 67 47 50 72 69 
49 51 73 71 50 52 74 72 
51 53 75 73 52 54 76 74 
53 55 77 75 54 56 78 76 
55 57 79 77 56 58 80 78 
57 59 81 79 58 60 82 80 
59 61 83 81 60 62 84 82 
61 63 85 83 62 64 86 84 
63 65 87 85 64 66 88 86 
68 67 89 90 70 69 91 92 
67 71 93 89 69 72 94 91 
71 73 95 93 72 74 96 94 
73 75 97 95 74 76 98 96 
75 77 99 97 76 78 100 98 
77 79 101 99 78 80 102 100 
79 81 103 101 80 82 104 102 
81 83 105 103 82 84 106 104 
83 85 107 105 84 86 108 106 
85 87 109 107 86 88 110 108 
90 89 111 112 92 91 113 114 
89 93 115 111 91 94 116 113 
93 95 117 115 94 96 118 116 
95 97 119 117 96 98 120 118 
97 99 121 119 98 100 122 120 
99 101 123 121 100 102 124 122 
101 103 125 123 102 104 126 124 
103 105 127 125 104 106 128 126 
105 107 129 127 106 108 130 128 
107 109 131 129 108 110 132 130 
112 111 133 134 114 113 135 136 
111 115 137 133 113 116 138 135 
115 117 139 137 116 118 140 138 
117 119 141 139 118 120 142 140 
119 121 143 141 120 122 144 142 
121 123 145 143 122 124 146 144 
123 125 147 145 124 126 148 146 
125 127 149 147 126 128 150 148 
127 129 151 149 128 130 152 150 
129 131 153 151 130 132 154 152 
134 133 155 156 136 135 157 158 
133 137 159 155 135 138 160 157 
137 139 161 159 138 140 162 160 
139 141 163 161 140 142 164 162 
141 143 165 163 142 144 166 164 
143 145 167 165 144 146 168 166 
145 147 169 167 146 148 170 168 
147 149 171 169 148 150 172 170 
149 151 173 171 150 152 174 172 
151 153 175 173 152 154 176 174 
156 155 177 178 158 157 179 180 
155 159 181 177 157 160 182 179 
159 161 183 181 160 162 184 182 
161 163 185 183 162 164 186 184 
163 165 187 185 164 166 188 186 
165 167 189 187 166 168 190 188 
167 169 191 189 168 170 192 190 
169 171 193 191 170 172 194 192 
171 173 195 193 172 174 196 194 
173 175 197 195 174 176 198 196 
178 177 199 200 180 179 201 202 
177 181 203 199 179 182 204 201 
181 183 205 203 182 184 206 204 
183 185 207 205 184 186 208 206 
185 187 209 207 186 188 210 208 
187 189 211 209 188 190 212 210 
189 191 213 211 190 192 214 212 
191 193 215 213 192 194 216 214 
193 195 217 215 194 196 218 216 
195 197 219 217 196 198 220 218 
200 199 221 222 202 201 223 224 
199 203 225 221 201 204 226 223 
203 205 227 225 204 206 228 226 
205 207 229 227 206 208 230 228 
207 209 231 229 208 210 232 230 
209 211 233 231 210 212 234 232 
211 213 235 233 212 214 236 234 
213 215 237 235 214 216 238 236 
215 217 239 237 216 218 240 238 
217 219 241 239 218 220 242 240 
5 6 7 8 243 244 245 246 
6 11 12 7 244 247 248 245 
11 15 16 12 247 249 250 248 
15 19 20 16 249 251 252 250 
19 23 24 20 251 253 254 252 
23 27 28 24 253 255 256 254 
27 31 32 28 255 257 258 256 
31 35 36 32 257 259 260 258 
35 39 40 36 259 261 262 260 
39 43 44 40 261 263 264 262 
8 7 47 48 246 245 265 266 
7 12 50 47 245 248 267 265 
12 16 52 50 248 250 268 267 
16 20 54 52 250 252 269 268 
20 24 56 54 252 254 270 269 
24 28 58 56 254 256 271 270 
28 32 60 58 256 258 272 271 
32 36 62 60 258 260 273 272 
36 40 64 62 260 262 274 273 
40 44 66 64 262 264 275 274 
48 47 69 70 266 265 276 277 
47 50 72 69 265 267 278 276 
50 52 74 72 267 268 279 278 
52 54 76 74 268 269 280 279 
54 56 78 76 269 270 281 280 
56 58 80 78 270 271 282 281 
58 60 82 80 271 272 283 282 
60 62 84 82 272 273 284 283 
62 64 86 84 273 274 285 284 
64 66 88 86 274 275 286 285 
70 69 91 92 277 276 287 288 
69 72 94 91 276 278 289 287 
72 74 96 94 278 279 290 289 
74 76 98 96 279 280 291 290 
76 78 100 98 280 281 292 291 
78 80 102 100 281 282 293 292 
80 82 104 102 282 283 294 293 
82 84 106 104 283 284 295 294 
84 86 108 106 284 285 296 295 
86 88 110 108 285 286 297 296 
92 91 113 114 288 287 298 299 
91 94 116 113 287 289 300 298 
94 96 118 116 289 290 301 300 
96 98 120 118 290 291 302 301 
98 100 122 120 291 292 303 302 
100 102 124 122 292 293 304 303 
102 104 126 124 293 294 305 304 
104 106 128 126 294 295 306 305 
106 108 130 128 295 296 307 306 
108 110 132 130 296 297 308 307 
114 113 135 136 299 298 309 310 
113 116 138 135 298 300 311 309 
116 118 140 138 300 301 312 311 
118 120 142 140 301 302 313 312 
120 122 144 142 302 303 314 313 
122 124 146 144 303 304 315 314 
124 126 148 146 304 305 316 315 
126 128 150 148 305 306 317 316 
128 130 152 150 306 307 318 317 
130 132 154 152 307 308 319 318 
136 135 157 158 310 309 320 321 
135 138 160 157 309 311 322 320 
138 140 162 160 311 312 323 322 
140 142 164 162 312 313 324 323 
142 144 166 164 313 314 325 324 
144 146 168 166 314 315 326 325 
146 148 170 168 315 316 327 326 
148 150 172 170 316 317 328 327 
150 152 174 172 317 318 329 328 
152 154 176 174 318 319 330 329 
158 157 179 180 321 320 331 332 
157 160 182 179 320 322 333 331 
160 162 184 182 322 323 334 333 
162 164 186 184 323 324 335 334 
164 166 188 186 324 325 336 335 
166 168 190 188 325 326 337 336 
168 170 192 190 326 327 338 337 
170 172 194 192 327 328 339 338 
172 174 196 194 328 329 340 339 
174 176 198 196 329 330 341 340 
180 179 201 202 332 331 342 343 
179 182 204 201 331 333 344 342 
182 184 206 204 333 334 345 344 
184 186 208 206 334 335 346 345 
186 188 210 208 335 336 347 346 
188 190 212 210 336 337 348 347 
190 192 214 212 337 338 349 348 
192 194 216 214 338 339 350 349 
194 196 218 216 339 340 351 350 
196 198 220 218 340 341 352 351 
202 201 223 224 343 342 353 354 
201 204 226 223 342 344 355 353 
204 206 228 226 344 345 356 355 
206 208 230 228 345 346 357 356 
208 210 232 230 346 347 358 357 
210 212 234 232 347 348 359 358 
212 214 236 234 348 349 360 359 
214 216 238 236 349 350 361 360 
216 218 240 238 350 351 362 361 
218 220 242 240 351 352 363 362 
243 244 245 246 364 365 366 367 
244 247 248 245 365 368 369 366 
247 249 250 248 368 370 371 369 
249 251 252 250 370 372 373 371 
251 253 254 252 372 374 375 373 
253 255 256 254 374 376 377 375 
255 257 258 256 376 378 379 377 
257 259 260 258 378 380 381 379 
259 261 262 260 380 382 383 381 
261 263 264 262 382 384 385 383 
246 245 265 266 367 366 386 387 
245 248 267 265 366 369 388 386 
248 250 268 267 369 371 389 388 
250 252 269 268 371 373 390 389 
252 254 270 269 373 375 391 390 
254 256 271 270 375 377 392 391 
256 258 272 271 377 379 393 392 
258 260 273 272 379 381 394 393 
260 262 274 273 381 383 395 394 
262 264 275 274 383 385 396 395 
266 265 276 277 387 386 397 398 
265 267 278 276 386 388 399 397 
267 268 279 278 388 389 400 399 
268 269 280 279 389 390 401 400 
269 270 281 280 390 391 402 401 
270 271 282 281 391 392 403 402 
271 272 283 282 392 393 404 403 
272 273 284 283 393 394 405 404 
273 274 285 284 394 395 406 405 
274 275 286 285 395 396 407 406 
277 276 287 288 398 397 408 409 
276 278 289 287 397 399 410 408 
278 279 290 289 399 400 411 410 
279 280 291 290 400 401 412 411 
280 281 292 291 401 402 413 412 
281 282 293 292 402 403 414 413 
282 283 294 293 403 404 415 414 
283 284 295 294 404 405 416 415 
284 285 296 295 405 406 417 416 
285 286 297 296 406 407 418 417 
288 287 298 299 409 408 419 420 
287 289 300 298 408 410 421 419 
289 290 301 300 410 411 422 421 
290 291 302 301 411 412 423 422 
291 292 303 302 412 413 424 423 
292 293 304 303 413 414 425 424 
293 294 305 304 414 415 426 425 
294 295 306 305 415 416 427 426 
295 296 307 306 416 417 428 427 
296 297 308 307 417 418 429 428 
299 298 309 310 420 419 430 431 
298 300 311 309 419 421 432 430 
300 301 312 311 421 422 433 432 
301 302 313 312 422 423 434 433 
302 303 314 313 423 424 435 434 
303 304 315 314 424 425 436 435 
304 305 316 315 425 426 437 436 
305 306 317 316 426 427 438 437 
306 307 318 317 427 428 439 438 
307 308 319 318 428 429 440 439 
310 309 320 321 431 430 441 442 
309 311 322 320 430 432 443 441 
311 312 323 322 432 433 444 443 
312 313 324 323 433 434 445 444 
313 314 325 324 434 435 446 445 
314 315 326 325 435 436 447 446 
315 316 327 326 436 437 448 447 
316 317 328 327 437 438 449 448 
317 318 329 328 438 439 450 449 
318 319 330 329 439 440 451 450 
321 320 331 332 442 441 452 453 
320 322 333 331 441 443 454 452 
322 323 334 333 443 444 455 454 
323 324 335 334 444 445 456 455 
324 325 336 335 445 446 457 456 
325 326 337 336 446 447 458 457 
326 327 338 337 447 448 459 458 
327 328 339 338 448 449 460 459 
328 329 340 339 449 450 461 460 
329 330 341 340 450 451 462 461 
332 331 342 343 453 452 463 464 
331 333 344 342 452 454 465 463 
333 334 345 344 454 455 466 465 
334 335 346 345 455 456 467 466 
335 336 347 346 456 457 468 467 
336 337 348 347 457 458 469 468 
337 338 349 348 458 459 470 469 
338 339 350 349 459 460 471 470 
339 340 351 350 460 461 472 471 
340 341 352 351 461 462 473 472 
343 342 353 354 464 463 474 475 
342 344 355 353 463 465 476 474 
344 345 356 355 465 466 477 476 
345 346 357 356 466 467 478 477 
346 347 358 357 467 468 479 478 
347 348 359 358 468 469 480 479 
348 349 360 359 469 470 481 480 
349 350 361 360 470 471 482 481 
350 351 362 361 471 472 483 482 
351 352 363 362 472 473 484 483 
364 365 366 367 485 486 487 488 
365 368 369 366 486 489 490 487 
368 370 371 369 489 491 492 490 
370 372 373 371 491 493 494 492 
372 374 375 373 493 495 496 494 
374 376 377 375 495 497 498 496 
376 378 379 377 497 499 500 498 
378 380 381 379 499 501 502 500 
380 382 383 381 501 503 504 502 
382 384 385 383 503 505 506 504 
367 366 386 387 488 487 507 508 
366 369 388 386 487 490 509 507 
369 371 389 388 490 492 510 509 
371 373 390 389 492 494 511 510 
373 375 391 390 494 496 512 511 
375 377 392 391 496 498 513 512 
377 379 393 392 498 500 514 513 
379 381 394 393 500 502 515 514 
381 383 395 394 502 504 516 515 
383 385 396 395 504 506 517 516 
387 386 397 398 508 507 518 519 
386 388 399 397 507 509 520 518 
388 389 400 399 509 510 521 520 
389 390 401 400 510 511 522 521 
390 391 402 401 511 512 523 522 
391 392 403 402 512 513 524 523 
392 393 404 403 513 514 525 524 
393 394 405 404 514 515 526 525 
394 395 406 405 515 516 527 526 
395 396 407 406 516 517 528 527 
398 397 408 409 519 518 529 530 
397 399 410 408 518 520 531 529 
399 400 411 410 520 521 532 531 
400 401 412 411 521 522 533 532 
401 402 413 412 522 523 534 533 
402 403 414 413 523 524 535 534 
403 404 415 414 524 525 536 535 
404 405 416 415 525 526 537 536 
405 406 417 416 526 527 538 537 
406 407 418 417 527 528 539 538 
409 408 419 420 530 529 540 541 
408 410 421 419 529 531 542 540 
410 411 422 421 531 532 543 542 
411 412 423 422 532 533 544 543 
412 413 424 423 533 534 545 544 
413 414 425 424 534 535 546 545 
414 415 426 425 535 536 547 546 
415 416 427 426 536 537 548 547 
416 417 428 427 537 538 549 548 
417 418 429 428 538 539 550 549 
420 419 430 431 541 540 551 552 
419 421 432 430 540 542 553 551 
421 422 433 432 542 543 554 553 
422 423 434 433 543 544 555 554 
423 424 435 434 544 545 556 555 
424 425 436 435 545 546 557 556 
425 426 437 436 546 547 558 557 
426 427 438 437 547 548 559 558 
427 428 439 438 548 549 560 559 
428 429 440 439 549 550 561 560 
431 430 441 442 552 551 562 563 
430 432 443 441 551 553 564 562 
432 433 444 443 553 554 565 564 
433 434 445 444 554 555 566 565 
434 435 446 445 555 556 567 566 
435 436 447 446 556 557 568 567 
436 437 448 447 557 558 569 568 
437 438 449 448 558 559 570 569 
438 439 450 449 559 560 571 570 
439 440 451 450 560 561 572 571 
442 441 452 453 563 562 573 574 
441 443 454 452 562 564 575 573 
443 444 455 454 564 565 576 575 
444 445 456 455 565 566 577 576 
445 446 457 456 566 567 578 577 
446 447 458 457 567 568 579 578 
447 448 459 458 568 569 580 579 
448 449 460 459 569 570 581 580 
449 450 461 460 570 571 582 581 
450 451 462 461 571 572 583 582 
453 452 463 464 574 573 584 585 
452 454 465 463 573 575 586 584 
454 455 466 465 575 576 587 586 
455 456 467 466 576 577 588 587 
456 457 468 467 577 578 589 588 
457 458 469 468 578 579 590 589 
458 459 470 469 579 580 591 590 
459 460 471 470 580 581 592 591 
460 461 472 471 581 582 593 592 
461 462 473 472 582 583 594 593 
464 463 474 475 585 584 595 596 
463 465 476 474 584 586 597 595 
465 466 477 476 586 587 598 597 
466 467 478 477 587 588 599 598 
467 468 479 478 588 589 600 599 
468 469 480 479 589 590 601 600 
469 470 481 480 590 591 602 601 
470 471 482 481 591 592 603 602 
471 472 483 482 592 593 604 603 
472 473 484 483 593 594 605 604 
485 486 487 488 606 607 608 609 
486 489 490 487 607 610 611 608 
489 491 492 490 610 612 613 611 
491 493 494 492 612 614 615 613 
493 495 496 494 614 616 617 615 
495 497 498 496 616 618 619 617 
497 499 500 498 618 620 621 619 
499 501 502 500 620 622 623 621 
501 503 504 502 622 624 625 623 
503 505 506 504 624 626 627 625 
488 487 507 508 609 608 628 629 
487 490 509 507 608 611 630 628 
490 492 510 509 611 613 631 630 
492 494 511 510 613 615 632 631 
494 496 512 511 615 617 633 632 
496 498 513 512 617 619 634 633 
498 500 514 513 619 621 635 634 
500 502 515 514 621 623 636 635 
502 504 516 515 623 625 637 636 
504 506 517 516 625 627 638 637 
508 507 518 519 629 628 639 640 
507 509 520 518 628 630 641 639 
509 510 521 520 630 631 642 641 
510 511 522 521 631 632 643 642 
511 512 523 522 632 633 644 643 
512 513 524 523 633 634 645 644 
513 514 525 524 634 635 646 645 
514 515 526 525 635 636 647 646 
515 516 527 526 636 637 648 647 
516 517 528 527 637 638 649 648 
519 518 529 530 640 639 650 651 
518 520 531 529 639 641 652 650 
520 521 532 531 641 642 653 652 
521 522 533 532 642 643 654 653 
522 523 534 533 643 644 655 654 
523 524 535 534 644 645 656 655 
524 525 536 535 645 646 657 656 
525 526 537 536 646 647 658 657 
526 527 538 537 647 648 659 658 
527 528 539 538 648 649 660 659 
530 529 540 541 651 650 661 662 
529 531 542 540 650 652 663 661 
531 532 543 542 652 653 664 663 
532 533 544 543 653 654 665 664 
533 534 545 544 654 655 666 665 
534 535 546 545 655 656 667 666 
535 536 547 546 656 657 668 667 
536 537 548 547 657 658 669 668 
537 538 549 548 658 659 670 669 
538 539 550 549 659 660 671 670 
541 540 551 552 662 661 672 673 
540 542 553 551 661 663 674 672 
542 543 554 553 663 664 675 674 
543 544 555 554 664 665 676 675 
544 545 556 555 665 666 677 676 
545 546 557 556 666 667 678 677 
546 547 558 557 667 668 679 678 
547 548 559 558 668 669 680 679 
548 549 560 559 669 670 681 680 
549 550 561 560 670 671 682 681 
552 551 562 563 673 672 683 684 
551 553 564 562 672 674 685 683 
553 554 565 564 674 675 686 685 
554 555 566 565 675 676 687 686 
555 556 567 566 676 677 688 687 
556 557 568 567 677 678 689 688 
557 558 569 568 678 679 690 689 
558 559 570 569 679 680 691 690 
559 560 571 570 680 681 692 691 
560 561 572 571 681 682 693 692 
563 562 573 574 684 683 694 695 
562 564 575 573 683 685 696 694 
564 565 576 575 685 686 697 696 
565 566 577 576 686 687 698 697 
566 567 578 577 687 688 699 698 
567 568 579 578 688 689 700 699 
568 569 580 579 689 690 701 700 
569 570 581 580 690 691 702 701 
570 571 582 581 691 692 703 702 
571 572 583 582 692 693 704 703 
574 573 584 585 695 694 705 706 
573 575 586 584 694 696 707 705 
575 576 587 586 696 697 708 707 
576 577 588 587 697 698 709 708 
577 578 589 588 698 699 710 709 
578 579 590 589 699 700 711 710 
579 580 591 590 700 701 712 711 
580 581 592 591 701 702 713 712 
581 582 593 592 702 703 714 713 
582 583 594 593 703 704 715 714 
585 584 595 596 706 705 716 717 
584 586 597 595 705 707 718 716 
586 587 598 597 707 708 719 718 
587 588 599 598 708 709 720 719 
588 589 600 599 709 710 721 720 
589 590 601 600 710 711 722 721 
590 591 602 601 711 712 723 722 
591 592 603 602 712 713 724 723 
592 593 604 603 713 714 725 724 
593 594 605 604 714 715 726 725 
727 728 729 730 731 732 733 734 
728 735 736 729 732 737 738 733 
735 739 740 736 737 741 742 738 
739 743 744 740 741 745 746 742 
743 747 748 744 745 749 750 746 
747 751 752 748 749 753 754 750 
751 755 756 752 753 757 758 754 
755 759 760 756 757 761 762 758 
759 763 764 760 761 765 766 762 
763 767 768 764 765 769 770 766 
730 729 771 772 734 733 773 774 
729 736 775 771 733 738 776 773 
736 740 777 775 738 742 778 776 
740 744 779 777 742 746 780 778 
744 748 781 779 746 750 782 780 
748 752 783 781 750 754 784 782 
752 756 785 783 754 758 786 784 
756 760 787 785 758 762 788 786 
760 764 789 787 762 766 790 788 
764 768 791 789 766 770 792 790 
772 771 793 794 774 773 795 796 
771 775 797 793 773 776 798 795 
775 777 799 797 776 778 800 798 
777 779 801 799 778 780 802 800 
779 781 803 801 780 782 804 802 
781 783 805 803 782 784 806 804 
783 785 807 805 784 786 808 806 
785 787 809 807 786 788 810 808 
787 789 811 809 788 790 812 810 
789 791 813 811 790 792 814 812 
794 793 815 816 796 795 817 818 
793 797 819 815 795 798 820 817 
797 799 821 819 798 800 822 820 
799 801 823 821 800 802 824 822 
801 803 825 823 802 804 826 824 
803 805 827 825 804 806 828 826 
805 807 829 827 806 808 830 828 
807 809 831 829 808 810 832 830 
809 811 833 831 810 812 834 832 
811 813 835 833 812 814 836 834 
816 815 837 838 818 817 839 840 
815 819 841 837 817 820 842 839 
819 821 843 841 820 822 844 842 
821 823 845 843 822 824 846 844 
823 825 847 845 824 826 848 846 
825 827 849 847 826 828 850 848 
827 829 851 849 828 830 852 850 
829 831 853 851 830 832 854 852 
831 833 855 853 832 834 856 854 
833 835 857 855 834 836 858 856 
731 732 733 734 859 860 861 862 
732 737 738 733 860 863 864 861 
737 741 742 738 863 865 866 864 
741 745 746 742 865 867 868 866 
745 749 750 746 867 869 870 868 
749 753 754 750 869 871 872 870 
753 757 758 754 871 873 874 872 
757 761 762 758 873 875 876 874 
761 765 766 762 875 877 878 876 
765 769 770 766 877 879 880 878 
734 733 773 774 862 861 881 882 
733 738 776 773 861 864 883 881 
738 742 778 776 864 866 884 883 
742 746 780 778 866 868 885 884 
746 750 782 780 868 870 886 885 
750 754 784 782 870 872 887 886 
754 758 786 784 872 874 888 887 
758 762 788 786 874 876 889 888 
762 766 790 788 876 878 890 889 
766 770 792 790 878 880 891 890 
774 773 795 796 882 881 892 893 
773 776 798 795 881 883 894 892 
776 778 800 798 883 884 895 894 
778 780 802 800 884 885 896 895 
780 782 804 802 885 886 897 896 
782 784 806 804 886 887 898 897 
784 786 808 806 887 888 899 898 
786 788 810 808 888 889 900 899 
788 790 812 810 889 890 901 900 
790 792 814 812 890 891 902 901 
796 795 817 818 893 892 903 904 
795 798 820 817 892 894 905 903 
798 800 822 820 894 895 906 905 
800 802 824 822 895 896 907 906 
802 804 826 824 896 897 908 907 
804 806 828 826 897 898 909 908 
806 808 830 828 898 899 910 909 
808 810 832 830 899 900 911 910 
810 812 834 832 900 901 912 911 
812 814 836 834 901 902 913 912 
818 817 839 840 904 903 914 915 
817 820 842 839 903 905 916 914 
820 822 844 842 905 906 917 916 
822 824 846 844 906 907 918 917 
824 826 848 846 907 908 919 918 
826 828 850 848 908 909 920 919 
828 830 852 850 909 910 921 920 
830 832 854 852 910 911 922 921 
832 834 856 854 911 912 923 922 
834 836 858 856 912 913 924 923 
859 860 861 862 925 926 927 928 
860 863 864 861 926 929 930 927 
863 865 866 864 929 931 932 930 
865 867 868 866 931 933 934 932 
867 869 870 868 933 935 936 934 
869 871 872 870 935 937 938 936 
871 873 874 872 937 939 940 938 
873 875 876 874 939 941 942 940 
875 877 878 876 941 943 944 942 
877 879 880 878 943 945 946 944 
862 861 881 882 928 927 947 948 
861 864 883 881 927 930 949 947 
864 866 884 883 930 932 950 949 
866 868 885 884 932 934 951 950 
868 870 886 885 934 936 952 951 
870 872 887 886 936 938 953 952 
872 874 888 887 938 940 954 953 
874 876 889 888 940 942 955 954 
876 878 890 889 942 944 956 955 
878 880 891 890 944 946 957 956 
882 881 892 893 948 947 958 959 
881 883 894 892 947 949 960 958 
883 884 895 894 949 950 961 960 
884 885 896 895 950 951 962 961 
885 886 897 896 951 952 963 962 
886 887 898 897 952 953 964 963 
887 888 899 898 953 954 965 964 
888 889 900 899 954 955 966 965 
889 890 901 900 955 956 967 966 
890 891 902 901 956 957 968 967 
893 892 903 904 959 958 969 970 
892 894 905 903 958 960 971 969 
894 895 906 905 960 961 972 971 
895 896 907 906 961 962 973 972 
896 897 908 907 962 963 974 973 
897 898 909 908 963 964 975 974 
898 899 910 909 964 965 976 975 
899 900 911 910 965 966 977 976 
900 901 912 911 966 967 978 977 
901 902 913 912 967 968 979 978 
904 903 914 915 970 969 980 981 
903 905 916 914 969 971 982 980 
905 906 917 916 971 972 983 982 
906 907 918 917 972 973 984 983 
907 908 919 918 973 974 985 984 
908 909 920 919 974 975 986 985 
909 910 921 920 975 976 987 986 
910 911 922 921 976 977 988 987 
911 912 923 922 977 978 989 988 
912 913 924 923 978 979 990 989 
925 926 927 928 991 992 993 994 
926 929 930 927 992 995 996 993 
929 931 932 930 995 997 998 996 
931 933 934 932 997 999 1000 998 
933 935 936 934 999 1001 1002 1000 
935 937 938 936 1001 1003 1004 1002 
937 939 940 938 1003 1005 1006 1004 
939 941 942 940 1005 1007 1008 1006 
941 943 944 942 1007 1009 1010 1008 
943 945 946 944 1009 1011 1012 1010 
928 927 947 948 994 993 1013 1014 
927 930 949 947 993 996 1015 1013 
930 932 950 949 996 998 1016 1015 
932 934 951 950 998 1000 1017 1016 
934 936 952 951 1000 1002 1018 1017 
936 938 953 952 1002 1004 1019 1018 
938 940 954 953 1004 1006 1020 1019 
940 942 955 954 1006 1008 1021 1020 
942 944 956 955 1008 1010 1022 1021 
944 946 957 956 1010 1012 1023 1022 
948 947 958 959 1014 1013 1024 1025 
947 949 960 958 1013 1015 1026 1024 
949 950 961 960 1015 1016 1027 1026 
950 951 962 961 1016 1017 1028 1027 
951 952 963 962 1017 1018 1029 1028 
952 953 964 963 1018 1019 1030 1029 
953 954 965 964 1019 1020 1031 1030 
954 955 966 965 1020 1021 1032 1031 
955 956 967 966 1021 1022 1033 1032 
956 957 968 967 1022 1023 1034 1033 
959 958 969 970 1025 1024 1035 1036 
958 960 971 969 1024 1026 1037 1035 
960 961 972 971 1026 1027 1038 1037 
961 962 973 972 1027 1028 1039 1038 
962 963 974 973 1028 1029 1040 1039 
963 964 975 974 1029 1030 1041 1040 
964 965 976 975 1030 1031 1042 1041 
965 966 977 976 1031 1032 1043 1042 
966 967 978 977 1032 1033 1044 1043 
967 968 979 978 1033 1034 1045 1044 
970 969 980 981 1036 1035 1046 1047 
969 971 982 980 1035 1037 1048 1046 
971 972 983 982 1037 1038 1049 1048 
972 973 984 983 1038 1039 1050 1049 
973 974 985 984 1039 1040 1051 1050 
974 975 986 985 1040 1041 1052 1051 
975 976 987 986 1041 1042 1053 1052 
976 977 988 987 1042 1043 1054 1053 
977 978 989 988 1043 1044 1055 1054 
978 979 990 989 1044 1045 1056 1055 
991 992 993 994 1057 1058 1059 1060 
992 995 996 993 1058 1061 1062 1059 
995 997 998 996 1061 1063 1064 1062 
997 999 1000 998 1063 1065 1066 1064 
999 1001 1002 1000 1065 1067 1068 1066 
1001 1003 1004 1002 1067 1069 1070 1068 
1003 1005 1006 1004 1069 1071 1072 1070 
1005 1007 1008 1006 1071 1073 1074 1072 
1007 1009 1010 1008 1073 1075 1076 1074 
1009 1011 1012 1010 1075 1077 1078 1076 
994 993 1013 1014 1060 1059 1079 1080 
993 996 1015 1013 1059 1062 1081 1079 
996 998 1016 1015 1062 1064 1082 1081 
998 1000 1017 1016 1064 1066 1083 1082 
1000 1002 1018 1017 1066 1068 1084 1083 
1002 1004 1019 1018 1068 1070 1085 1084 
1004 1006 1020 1019 1070 1072 1086 1085 
1006 1008 1021 1020 1072 1074 1087 1086 
1008 1010 1022 1021 1074 1076 1088 1087 
1010 1012 1023 1022 1076 1078 1089 1088 
1014 1013 1024 1025 1080 1079 1090 1091 
1013 1015 1026 1024 1079 1081 1092 1090 
1015 1016 1027 1026 1081 1082 1093 1092 
1016 1017 1028 1027 1082 1083 1094 1093 
1017 1018 1029 1028 1083 1084 1095 1094 
1018 1019 1030 1029 1084 1085 1096 1095 
1019 1020 1031 1030 1085 1086 1097 1096 
1020 1021 1032 1031 1086 1087 1098 1097 
1021 1022 1033 1032 1087 1088 1099 1098 
1022 1023 1034 1033 1088 1089 1100 1099 
1025 1024 1035 1036 1091 1090 1101 1102 
1024 1026 1037 1035 1090 1092 1103 1101 
1026 1027 1038 1037 1092 1093 1104 1103 
1027 1028 1039 1038 1093 1094 1105 1104 
1028 1029 1040 1039 1094 1095 1106 1105 
1029 1030 1041 1040 1095 1096 1107 1106 
1030 1031 1042 1041 1096 1097 1108 1107 
1031 1032 1043 1042 1097 1098 1109 1108 
1032 1033 1044 1043 1098 1099 1110 1109 
1033 1034 1045 1044 1099 1100 1111 1110 
1036 1035 1046 1047 1102 1101 1112 1113 
1035 1037 1048 1046 1101 1103 1114 1112 
1037 1038 1049 1048 1103 1104 1115 1114 
1038 1039 1050 1049 1104 1105 1116 1115 
1039 1040 1051 1050 1105 1106 1117 1116 
1040 1041 1052 1051 1106 1107 1118 1117 
1041 1042 1053 1052 1107 1108 1119 1118 
1042 1043 1054 1053 1108 1109 1120 1119 
1043 1044 1055 1054 1109 1110 1121 1120 
1044 1045 1056 1055 1110 1111 1122 1121 
1057 1058 1059 1060 1123 1124 1125 1126 
1058 1061 1062 1059 1124 1127 1128 1125 
1061 1063 1064 1062 1127 1129 1130 1128 
1063 1065 1066 1064 1129 1131 1132 1130 
1065 1067 1068 1066 1131 1133 1134 1132 
1067 1069 1070 1068 1133 1135 1136 1134 
1069 1071 1072 1070 1135 1137 1138 1136 
1071 1073 1074 1072 1137 1139 1140 1138 
1073 1075 1076 1074 1139 1141 1142 1140 
1075 1077 1078 1076 1141 1143 1144 1142 
1060 1059 1079 1080 1126 1125 1145 1146 
1059 1062 1081 1079 1125 1128 1147 1145 
1062 1064 1082 1081 1128 1130 1148 1147 
1064 1066 1083 1082 1130 1132 1149 1148 
1066 1068 1084 1083 1132 1134 1150 1149 
1068 1070 1085 1084 1134 1136 1151 1150 
1070 1072 1086 1085 1136 1138 1152 1151 
1072 1074 1087 1086 1138 1140 1153 1152 
1074 1076 1088 1087 1140 1142 1154 1153 
1076 1078 1089 1088 1142 1144 1155 1154 
1080 1079 1090 1091 1146 1145 1156 1157 
1079 1081 1092 1090 1145 1147 1158 1156 
1081 1082 1093 1092 1147 1148 1159 1158 
1082 1083 1094 1093 1148 1149 1160 1159 
1083 1084 1095 1094 1149 1150 1161 1160 
1084 1085 1096 1095 1150 1151 1162 1161 
1085 1086 1097 1096 1151 1152 1163 1162 
1086 1087 1098 1097 1152 1153 1164 1163 
1087 1088 1099 1098 1153 1154 1165 1164 
1088 1089 1100 1099 1154 1155 1166 1165 
1091 1090 1101 1102 1157 1156 1167 1168 
1090 1092 1103 1101 1156 1158 1169 1167 
1092 1093 1104 1103 1158 1159 1170 1169 
1093 1094 1105 1104 1159 1160 1171 1170 
1094 1095 1106 1105 1160 1161 1172 1171 
1095 1096 1107 1106 1161 1162 1173 1172 
1096 1097 1108 1107 1162 1163 1174 1173 
1097 1098 1109 1108 1163 1164 1175 1174 
1098 1099 1110 1109 1164 1165 1176 1175 
1099 1100 1111 1110 1165 1166 1177 1176 
1102 1101 1112 1113 1168 1167 1178 1179 
1101 1103 1114 1112 1167 1169 1180 1178 
1103 1104 1115 1114 1169 1170 1181 1180 
1104 1105 1116 1115 1170 1171 1182 1181 
1105 1106 1117 1116 1171 1172 1183 1182 
1106 1107 1118 1117 1172 1173 1184 1183 
1107 1108 1119 1118 1173 1174 1185 1184 
1108 1109 1120 1119 1174 1175 1186 1185 
1109 1110 1121 1120 1175 1176 1187 1186 
1110 1111 1122 1121 1176 1177 1188 1187 
1123 1124 1125 1126 1189 1190 1191 1192 
1124 1127 1128 1125 1190 1193 1194 1191 
1127 1129 1130 1128 1193 1195 1196 1194 
1129 1131 1132 1130 1195 1197 1198 1196 
1131 1133 1134 1132 1197 1199 1200 1198 
1133 1135 1136 1134 1199 1201 1202 1200 
1135 1137 1138 1136 1201 1203 1204 1202 
1137 1139 1140 1138 1203 1205 1206 1204 
1139 1141 1142 1140 1205 1207 1208 1206 
1141 1143 1144 1142 1207 1209 1210 1208 
1126 1125 1145 1146 1192 1191 1211 1212 
1125 1128 1147 1145 1191 1194 1213 1211 
1128 1130 1148 1147 1194 1196 1214 1213 
1130 1132 1149 1148 1196 1198 1215 1214 
1132 1134 1150 1149 1198 1200 1216 1215 
1134 1136 1151 1150 1200 1202 1217 1216 
1136 1138 1152 1151 1202 1204 1218 1217 
1138 1140 1153 1152 1204 1206 1219 1218 
1140 1142 1154 1153 1206 1208 1220 1219 
1142 1144 1155 1154 1208 1210 1221 1220 
1146 1145 1156 1157 1212 1211 1222 1223 
1145 1147 1158 1156 1211 1213 1224 1222 
1147 1148 1159 1158 1213 1214 1225 1224 
1148 1149 1160 1159 1214 1215 1226 1225 
1149 1150 1161 1160 1215 1216 1227 1226 
1150 1151 1162 1161 1216 1217 1228 1227 
1151 1152 1163 1162 1217 1218 1229 1228 
1152 1153 1164 1163 1218 1219 1230 1229 
1153 1154 1165 1164 1219 1220 1231 1230 
1154 1155 1166 1165 1220 1221 1232 1231 
1157 1156 1167 1168 1223 1222 1233 1234 
1156 1158 1169 1167 1222 1224 1235 1233 
1158 1159 1170 1169 1224 1225 1236 1235 
1159 1160 1171 1170 1225 1226 1237 1236 
1160 1161 1172 1171 1226 1227 1238 1237 
1161 1162 1173 1172 1227 1228 1239 1238 
1162 1163 1174 1173 1228 1229 1240 1239 
1163 1164 1175 1174 1229 1230 1241 1240 
1164 1165 1176 1175 1230 1231 1242 1241 
1165 1166 1177 1176 1231 1232 1243 1242 
1168 1167 1178 1179 1234 1233 1244 1245 
1167 1169 1180 1178 1233 1235 1246 1244 
1169 1170 1181 1180 1235 1236 1247 1246 
1170 1171 1182 1181 1236 1237 1248 1247 
1171 1172 1183 1182 1237 1238 1249 1248 
1172 1173 1184 1183 1238 1239 1250 1249 
1173 1174 1185 1184 1239 1240 1251 1250 
1174 1175 1186 1185 1240 1241 1252 1251 
1175 1176 1187 1186 1241 1242 1253 1252 
1176 1177 1188 1187 1242 1243 1254 1253 
1189 1190 1191 1192 1255 1256 1257 1258 
1190 1193 1194 1191 1256 1259 1260 1257 
1193 1195 1196 1194 1259 1261 1262 1260 
1195 1197 1198 1196 1261 1263 1264 1262 
1197 1199 1200 1198 1263 1265 1266 1264 
1199 1201 1202 1200 1265 1267 1268 1266 
1201 1203 1204 1202 1267 1269 1270 1268 
1203 1205 1206 1204 1269 1271 1272 1270 
1205 1207 1208 1206 1271 1273 1274 1272 
1207 1209 1210 1208 1273 1275 1276 1274 
1192 1191 1211 1212 1258 1257 1277 1278 
1191 1194 1213 1211 1257 1260 1279 1277 
1194 1196 1214 1213 1260 1262 1280 1279 
1196 1198 1215 1214 1262 1264 1281 1280 
1198 1200 1216 1215 1264 1266 1282 1281 
1200 1202 1217 1216 1266 1268 1283 1282 
1202 1204 1218 1217 1268 1270 1284 1283 
1204 1206 1219 1218 1270 1272 1285 1284 
1206 1208 1220 1219 1272 1274 1286 1285 
1208 1210 1221 1220 1274 1276 1287 1286 
1212 1211 1222 1223 1278 1277 1288 1289 
1211 1213 1224 1222 1277 1279 1290 1288 
1213 1214 1225 1224 1279 1280 1291 1290 
1214 1215 1226 1225 1280 1281 1292 1291 
1215 1216 1227 1226 1281 1282 1293 1292 
1216 1217 1228 1227 1282 1283 1294 1293 
1217 1218 1229 1228 1283 1284 1295 1294 
1218 1219 1230 1229 1284 1285 1296 1295 
1219 1220 1231 1230 1285 1286 1297 1296 
1220 1221 1232 1231 1286 1287 1298 1297 
1223 1222 1233 1234 1289 1288 1299 1300 
1222 1224 1235 1233 1288 1290 1301 1299 
1224 1225 1236 1235 1290 1291 1302 1301 
1225 1226 1237 1236 1291 1292 1303 1302 
1226 1227 1238 1237 1292 1293 1304 1303 
1227 1228 1239 1238 1293 1294 1305 1304 
1228 1229 1240 1239 1294 1295 1306 1305 
1229 1230 1241 1240 1295 1296 1307 1306 
1230 1231 1242 1241 1296 1297 1308 1307 
1231 1232 1243 1242 1297 1298 1309 1308 
1234 1233 1244 1245 1300 1299 1310 1311 
1233 1235 1246 1244 1299 1301 1312 1310 
1235 1236 1247 1246 1301 1302 1313 1312 
1236 1237 1248 1247 1302 1303 1314 1313 
1237 1238 1249 1248 1303 1304 1315 1314 
1238 1239 1250 1249 1304 1305 1316 1315 
1239 1240 1251 1250 1305 1306 1317 1316 
1240 1241 1252 1251 1306 1307 1318 1317 
1241 1242 1253 1252 1307 1308 1319 1318 
1242 1243 1254 1253 1308 1309 1320 1319 
1255 1256 1257 1258 1321 1322 1323 1324 
1256 1259 1260 1257 1322 1325 1326 1323 
1259 1261 1262 1260 1325 1327 1328 1326 
1261 1263 1264 1262 1327 1329 1330 1328 
1263 1265 1266 1264 1329 1331 1332 1330 
1265 1267 1268 1266 1331 1333 1334 1332 
1267 1269 1270 1268 1333 1335 1336 1334 
1269 1271 1272 1270 1335 1337 1338 1336 
1271 1273 1274 1272 1337 1339 1340 1338 
1273 1275 1276 1274 1339 1341 1342 1340 
1258 1257 1277 1278 1324 1323 1343 1344 
1257 1260 1279 1277 1323 1326 1345 1343 
1260 1262 1280 1279 1326 1328 1346 1345 
1262 1264 1281 1280 1328 1330 1347 1346 
1264 1266 1282 1281 1330 1332 1348 1347 
1266 1268 1283 1282 1332 1334 1349 1348 
1268 1270 1284 1283 1334 1336 1350 1349 
1270 1272 1285 1284 1336 1338 1351 1350 
1272 1274 1286 1285 1338 1340 1352 1351 
1274 1276 1287 1286 1340 1342 1353 1352 
1278 1277 1288 1289 1344 1343 1354 1355 
1277 1279 1290 1288 1343 1345 1356 1354 
1279 1280 1291 1290 1345 1346 1357 1356 
1280 1281 1292 1291 1346 1347 1358 1357 
1281 1282 1293 1292 1347 1348 1359 1358 
1282 1283 1294 1293 1348 1349 1360 1359 
1283 1284 1295 1294 1349 1350 1361 1360 
1284 1285 1296 1295 1350 1351 1362 1361 
1285 1286 1297 1296 1351 1352 1363 1362 
1286 1287 1298 1297 1352 1353 1364 1363 
1289 1288 1299 1300 1355 1354 1365 1366 
1288 1290 1301 1299 1354 1356 1367 1365 
1290 1291 1302 1301 1356 1357 1368 1367 
1291 1292 1303 1302 1357 1358 1369 1368 
1292 1293 1304 1303 1358 1359 1370 1369 
1293 1294 1305 1304 1359 1360 1371 1370 
1294 1295 1306 1305 1360 1361 1372 1371 
1295 1296 1307 1306 1361 1362 1373 1372 
1296 1297 1308 1307 1362 1363 1374 1373 
1297 1298 1309 1308 1363 1364 1375 1374 
1300 1299 1310 1311 1366 1365 1376 1377 
1299 1301 1312 1310 1365 1367 1378 1376 
1301 1302 1313 1312 1367 1368 1379 1378 
1302 1303 1314 1313 1368 1369 1380 1379 
1303 1304 1315 1314 1369 1370 1381 1380 
1304 1305 1316 1315 1370 1371 1382 1381 
1305 1306 1317 1316 1371 1372 1383 1382 
1306 1307 1318 1317 1372 1373 1384 1383 
1307 1308 1319 1318 1373 1374 1385 1384 
1308 1309 1320 1319 1374 1375 1386 1385 
1321 1322 1323 1324 1387 1388 1389 1390 
1322 1325 1326 1323 1388 1391 1392 1389 
1325 1327 1328 1326 1391 1393 1394 1392 
1327 1329 1330 1328 1393 1395 1396 1394 
1329 1331 1332 1330 1395 1397 1398 1396 
1331 1333 1334 1332 1397 1399 1400 1398 
1333 1335 1336 1334 1399 1401 1402 1400 
1335 1337 1338 1336 1401 1403 1404 1402 
1337 1339 1340 1338 1403 1405 1406 1404 
1339 1341 1342 1340 1405 1407 1408 1406 
1324 1323 1343 1344 1390 1389 1409 1410 
1323 1326 1345 1343 1389 1392 1411 1409 
1326 1328 1346 1345 1392 1394 1412 1411 
1328 1330 1347 1346 1394 1396 1413 1412 
1330 1332 1348 1347 1396 1398 1414 1413 
1332 1334 1349 1348 1398 1400 1415 1414 
1334 1336 1350 1349 1400 1402 1416 1415 
1336 1338 1351 1350 1402 1404 1417 1416 
1338 1340 1352 1351 1404 1406 1418 1417 
1340 1342 1353 1352 1406 1408 1419 1418 
1344 1343 1354 1355 1410 1409 1420 1421 
1343 1345 1356 1354 1409 1411 1422 1420 
1345 1346 1357 1356 1411 1412 1423 1422 
1346 1347 1358 1357 1412 1413 1424 1423 
1347 1348 1359 1358 1413 1414 1425 1424 
1348 1349 1360 1359 1414 1415 1426 1425 
1349 1350 1361 1360 1415 1416 1427 1426 
1350 1351 1362 1361 1416 1417 1428 1427 
1351 1352 1363 1362 1417 1418 1429 1428 
1352 1353 1364 1363 1418 1419 1430 1429 
1355 1354 1365 1366 1421 1420 1431 1432 
1354 1356 1367 1365 1420 1422 1433 1431 
1356 1357 1368 1367 1422 1423 1434 1433 
1357 1358 1369 1368 1423 1424 1435 1434 
1358 1359 1370 1369 1424 1425 1436 1435 
1359 1360 1371 1370 1425 1426 1437 1436 
1360 1361 1372 1371 1426 1427 1438 1437 
1361 1362 1373 1372 1427 1428 1439 1438 
1362 1363 1374 1373 1428 1429 1440 1439 
1363 1364 1375 1374 1429 1430 1441 1440 
1366 1365 1376 1377 1432 1431 1442 1443 
1365 1367 1378 1376 1431 1433 1444 1442 
1367 1368 1379 1378 1433 1434 1445 1444 
1368 1369 1380 1379 1434 1435 1446 1445 
1369 1370 1381 1380 1435 1436 1447 1446 
1370 1371 1382 1381 1436 1437 1448 1447 
1371 1372 1383 1382 1437 1438 1449 1448 
1372 1373 1384 1383 1438 1439 1450 1449 
1373 1374 1385 1384 1439 1440 1451 1450 
1374 1375 1386 1385 1440 1441 1452 1451 
1387 1388 1389 1390 1453 1454 1455 1456 
1388 1391 1392 1389 1454 1457 1458 1455 
1391 1393 1394 1392 1457 1459 1460 1458 
1393 1395 1396 1394 1459 1461 1462 1460 
1395 1397 1398 1396 1461 1463 1464 1462 
1397 1399 1400 1398 1463 1465 1466 1464 
1399 1401 1402 1400 1465 1467 1468 1466 
1401 1403 1404 1402 1467 1469 1470 1468 
1403 1405 1406 1404 1469 1471 1472 1470 
1405 1407 1408 1406 1471 1473 1474 1472 
1390 1389 1409 1410 1456 1455 1475 1476 
1389 1392 1411 1409 1455 1458 1477 1475 
1392 1394 1412 1411 1458 1460 1478 1477 
1394 1396 1413 1412 1460 1462 1479 1478 
1396 1398 1414 1413 1462 1464 1480 1479 
1398 1400 1415 1414 1464 1466 1481 1480 
1400 1402 1416 1415 1466 1468 1482 1481 
1402 1404 1417 1416 1468 1470 1483 1482 
1404 1406 1418 1417 1470 1472 1484 1483 
1406 1408 1419 1418 1472 1474 1485 1484 
1410 1409 1420 1421 1476 1475 1486 1487 
1409 1411 1422 1420 1475 1477 1488 1486 
1411 1412 1423 1422 1477 1478 1489 1488 
1412 1413 1424 1423 1478 1479 1490 1489 
1413 1414 1425 1424 1479 1480 1491 1490 
1414 1415 1426 1425 1480 1481 1492 1491 
1415 1416 1427 1426 1481 1482 1493 1492 
1416 1417 1428 1427 1482 1483 1494 1493 
1417 1418 1429 1428 1483 1484 1495 1494 
1418 1419 1430 1429 1484 1485 1496 1495 
1421 1420 1431 1432 1487 1486 1497 1498 
1420 1422 1433 1431 1486 1488 1499 1497 
1422 1423 1434 1433 1488 1489 1500 1499 
1423 1424 1435 1434 1489 1490 1501 1500 
1424 1425 1436 1435 1490 1491 1502 1501 
1425 1426 1437 1436 1491 1492 1503 1502 
1426 1427 1438 1437 1492 1493 1504 1503 
1427 1428 1439 1438 1493 1494 1505 1504 
1428 1429 1440 1439 1494 1495 1506 1505 
1429 1430 1441 1440 1495 1496 1507 1506 
1432 1431 1442 1443 1498 1497 1508 1509 
1431 1433 1444 1442 1497 1499 1510 1508 
1433 1434 1445 1444 1499 1500 1511 1510 
1434 1435 1446 1445 1500 1501 1512 1511 
1435 1436 1447 1446 1501 1502 1513 1512 
1436 1437 1448 1447 1502 1503 1514 1513 
1437 1438 1449 1448 1503 1504 1515 1514 
1438 1439 1450 1449 1504 1505 1516 1515 
1439 1440 1451 1450 1505 1506 1517 1516 
1440 1441 1452 1451 1506 1507 1518 1517 
1453 1454 1455 1456 112 111 133 134 
1454 1457 1458 1455 111 115 137 133 
1457 1459 1460 1458 115 117 139 137 
1459 1461 1462 1460 117 119 141 139 
1461 1463 1464 1462 119 121 143 141 
1463 1465 1466 1464 121 123 145 143 
1465 1467 1468 1466 123 125 147 145 
1467 1469 1470 1468 125 127 149 147 
1469 1471 1472 1470 127 129 151 149 
1471 1473 1474 1472 129 131 153 151 
1456 1455 1475 1476 134 133 155 156 
1455 1458 1477 1475 133 137 159 155 
1458 1460 1478 1477 137 139 161 159 
1460 1462 1479 1478 139 141 163 161 
1462 1464 1480 1479 141 143 165 163 
1464 1466 1481 1480 143 145 167 165 
1466 1468 1482 1481 145 147 169 167 
1468 1470 1483 1482 147 149 171 169 
1470 1472 1484 1483 149 151 173 171 
1472 1474 1485 1484 151 153 175 173 
1476 1475 1486 1487 156 155 177 178 
1475 1477 1488 1486 155 159 181 177 
1477 1478 1489 1488 159 161 183 181 
1478 1479 1490 1489 161 163 185 183 
1479 1480 1491 1490 163 165 187 185 
1480 1481 1492 1491 165 167 189 187 
1481 1482 1493 1492 167 169 191 189 
1482 1483 1494 1493 169 171 193 191 
1483 1484 1495 1494 171 173 195 193 
1484 1485 1496 1495 173 175 197 195 
1487 1486 1497 1498 178 177 199 200 
1486 1488 1499 1497 177 181 203 199 
1488 1489 1500 1499 181 183 205 203 
1489 1490 1501 1500 183 185 207 205 
1490 1491 1502 1501 185 187 209 207 
1491 1492 1503 1502 187 189 211 209 
1492 1493 1504 1503 189 191 213 211 
1493 1494 1505 1504 191 193 215 213 
1494 1495 1506 1505 193 195 217 215 
1495 1496 1507 1506 195 197 219 217 
1498 1497 1508 1509 200 199 221 222 
1497 1499 1510 1508 199 203 225 221 
1499 1500 1511 1510 203 205 227 225 
1500 1501 1512 1511 205 207 229 227 
1501 1502 1513 1512 207 209 231 229 
1502 1503 1514 1513 209 211 233 231 
1503 1504 1515 1514 211 213 235 233 
1504 1505 1516 1515 213 215 237 235 
1505 1506 1517 1516 215 217 239 237 
1506 1507 1518 1517 217 219 241 239 
1519 1520 1521 1522 1523 1524 1525 1526 
1520 1527 1528 1521 1524 1529 1530 1525 
1527 1531 1532 1528 1529 1533 1534 1530 
1531 1535 1536 1532 1533 1537 1538 1534 
1535 1539 1540 1536 1537 1541 1542 1538 
1539 1543 1544 1540 1541 1545 1546 1542 
1543 1547 1548 1544 1545 1549 1550 1546 
1547 1551 1552 1548 1549 1553 1554 1550 
1551 1555 1556 1552 1553 1557 1558 1554 
1555 1559 1560 1556 1557 1561 1562 1558 
1522 1521 1563 1564 1526 1525 1565 1566 
1521 1528 1567 1563 1525 1530 1568 1565 
1528 1532 1569 1567 1530 1534 1570 1568 
1532 1536 1571 1569 1534 1538 1572 1570 
1536 1540 1573 1571 1538 1542 1574 1572 
1540 1544 1575 1573 1542 1546 1576 1574 
1544 1548 1577 1575 1546 1550 1578 1576 
1548 1552 1579 1577 1550 1554 1580 1578 
1552 1556 1581 1579 1554 1558 1582 1580 
1556 1560 1583 1581 1558 1562 1584 1582 
1564 1563 1585 1586 1566 1565 1587 1588 
1563 1567 1589 1585 1565 1568 1590 1587 
1567 1569 1591 1589 1568 1570 1592 1590 
1569 1571 1593 1591 1570 1572 1594 1592 
1571 1573 1595 1593 1572 1574 1596 1594 
1573 1575 1597 1595 1574 1576 1598 1596 
1575 1577 1599 1597 1576 1578 1600 1598 
1577 1579 1601 1599 1578 1580 1602 1600 
1579 1581 1603 1601 1580 1582 1604 1602 
1581 1583 1605 1603 1582 1584 1606 1604 
1586 1585 1607 1608 1588 1587 1609 1610 
1585 1589 1611 1607 1587 1590 1612 1609 
1589 1591 1613 1611 1590 1592 1614 1612 
1591 1593 1615 1613 1592 1594 1616 1614 
1593 1595 1617 1615 1594 1596 1618 1616 
1595 1597 1619 1617 1596 1598 1620 1618 
1597 1599 1621 1619 1598 1600 1622 1620 
1599 1601 1623 1621 1600 1602 1624 1622 
1601 1603 1625 1623 1602 1604 1626 1624 
1603 1605 1627 1625 1604 1606 1628 1626 
1608 1607 728 727 1610 1609 732 731 
1607 1611 735 728 1609 1612 737 732 
1611 1613 739 735 1612 1614 741 737 
1613 1615 743 739 1614 1616 745 741 
1615 1617 747 743 1616 1618 749 745 
1617 1619 751 747 1618 1620 753 749 
1619 1621 755 751 1620 1622 757 753 
1621 1623 759 755 1622 1624 761 757 
1623 1625 763 759 1624 1626 765 761 
1625 1627 767 763 1626 1628 769 765 
1523 1524 1525 1526 1629 1630 1631 1632 
1524 1529 1530 1525 1630 1633 1634 1631 
1529 1533 1534 1530 1633 1635 1636 1634 
1533 1537 1538 1534 1635 1637 1638 1636 
1537 1541 1542 1538 1637 1639 1640 1638 
1541 1545 1546 1542 1639 1641 1642 1640 
1545 1549 1550 1546 1641 1643 1644 1642 
1549 1553 1554 1550 1643 1645 1646 1644 
1553 1557 1558 1554 1645 1647 1648 1646 
1557 1561 1562 1558 1647 1649 1650 1648 
1526 1525 1565 1566 1632 1631 1651 1652 
1525 1530 1568 1565 1631 1634 1653 1651 
1530 1534 1570 1568 1634 1636 1654 1653 
1534 1538 1572 1570 1636 1638 1655 1654 
1538 1542 1574 1572 1638 1640 1656 1655 
1542 1546 1576 1574 1640 1642 1657 1656 
1546 1550 1578 1576 1642 1644 1658 1657 
1550 1554 1580 1578 1644 1646 1659 1658 
1554 1558 1582 1580 1646 1648 1660 1659 
1558 1562 1584 1582 1648 1650 1661 1660 
1566 1565 1587 1588 1652 1651 1662 1663 
1565 1568 1590 1587 1651 1653 1664 1662 
1568 1570 1592 1590 1653 1654 1665 1664 
1570 1572 1594 1592 1654 1655 1666 1665 
1572 1574 1596 1594 1655 1656 1667 1666 
1574 1576 1598 1596 1656 1657 1668 1667 
1576 1578 1600 1598 1657 1658 1669 1668 
1578 1580 1602 1600 1658 1659 1670 1669 
1580 1582 1604 1602 1659 1660 1671 1670 
1582 1584 1606 1604 1660 1661 1672 1671 
1588 1587 1609 1610 1663 1662 1673 1674 
1587 1590 1612 1609 1662 1664 1675 1673 
1590 1592 1614 1612 1664 1665 1676 1675 
1592 1594 1616 1614 1665 1666 1677 1676 
1594 1596 1618 1616 1666 1667 1678 1677 
1596 1598 1620 1618 1667 1668 1679 1678 
1598 1600 1622 1620 1668 1669 1680 1679 
1600 1602 1624 1622 1669 1670 1681 1680 
1602 1604 1626 1624 1670 1671 1682 1681 
1604 1606 1628 1626 1671 1672 1683 1682 
1610 1609 732 731 1674 1673 860 859 
1609 1612 737 732 1673 1675 863 860 
1612 1614 741 737 1675 1676 865 863 
1614 1616 745 741 1676 1677 867 865 
1616 1618 749 745 1677 1678 869 867 
1618 1620 753 749 1678 1679 871 869 
1620 1622 757 753 1679 1680 873 871 
1622 1624 761 757 1680 1681 875 873 
1624 1626 765 761 1681 1682 877 875 
1626 1628 769 765 1682 1683 879 877 
1629 1630 1631 1632 1684 1685 1686 1687 
1630 1633 1634 1631 1685 1688 1689 1686 
1633 1635 1636 1634 1688 1690 1691 1689 
1635 1637 1638 1636 1690 1692 1693 1691 
1637 1639 1640 1638 1692 1694 1695 1693 
1639 1641 1642 1640 1694 1696 1697 1695 
1641 1643 1644 1642 1696 1698 1699 1697 
1643 1645 1646 1644 1698 1700 1701 1699 
1645 1647 1648 1646 1700 1702 1703 1701 
1647 1649 1650 1648 1702 1704 1705 1703 
1632 1631 1651 1652 1687 1686 1706 1707 
1631 1634 1653 1651 1686 1689 1708 1706 
1634 1636 1654 1653 1689 1691 1709 1708 
1636 1638 1655 1654 1691 1693 1710 1709 
1638 1640 1656 1655 1693 1695 1711 1710 
1640 1642 1657 1656 1695 1697 1712 1711 
1642 1644 1658 1657 1697 1699 1713 1712 
1644 1646 1659 1658 1699 1701 1714 1713 
1646 1648 1660 1659 1701 1703 1715 1714 
1648 1650 1661 1660 1703 1705 1716 1715 
1652 1651 1662 1663 1707 1706 1717 1718 
1651 1653 1664 1662 1706 1708 1719 1717 
1653 1654 1665 1664 1708 1709 1720 1719 
1654 1655 1666 1665 1709 1710 1721 1720 
1655 1656 1667 1666 1710 1711 1722 1721 
1656 1657 1668 1667 1711 1712 1723 1722 
1657 1658 1669 1668 1712 1713 1724 1723 
1658 1659 1670 1669 1713 1714 1725 1724 
1659 1660 1671 1670 1714 1715 1726 1725 
1660 1661 1672 1671 1715 1716 1727 1726 
1663 1662 1673 1674 1718 1717 1728 1729 
1662 1664 1675 1673 1717 1719 1730 1728 
1664 1665 1676 1675 1719 1720 1731 1730 
1665 1666 1677 1676 1720 1721 1732 1731 
1666 1667 1678 1677 1721 1722 1733 1732 
1667 1668 1679 1678 1722 1723 1734 1733 
1668 1669 1680 1679 1723 1724 1735 1734 
1669 1670 1681 1680 1724 1725 1736 1735 
1670 1671 1682 1681 1725 1726 1737 1736 
1671 1672 1683 1682 1726 1727 1738 1737 
1674 1673 860 859 1729 1728 926 925 
1673 1675 863 860 1728 1730 929 926 
1675 1676 865 863 1730 1731 931 929 
1676 1677 867 865 1731 1732 933 931 
1677 1678 869 867 1732 1733 935 933 
1678 1679 871 869 1733 1734 937 935 
1679 1680 873 871 1734 1735 939 937 
1680 1681 875 873 1735 1736 941 939 
1681 1682 877 875 1736 1737 943 941 
1682 1683 879 877 1737 1738 945 943 
1684 1685 1686 1687 1739 1740 1741 1742 
1685 1688 1689 1686 1740 1743 1744 1741 
1688 1690 1691 1689 1743 1745 1746 1744 
1690 1692 1693 1691 1745 1747 1748 1746 
1692 1694 1695 1693 1747 1749 1750 1748 
1694 1696 1697 1695 1749 1751 1752 1750 
1696 1698 1699 1697 1751 1753 1754 1752 
1698 1700 1701 1699 1753 1755 1756 1754 
1700 1702 1703 1701 1755 1757 1758 1756 
1702 1704 1705 1703 1757 1759 1760 1758 
1687 1686 1706 1707 1742 1741 1761 1762 
1686 1689 1708 1706 1741 1744 1763 1761 
1689 1691 1709 1708 1744 1746 1764 1763 
1691 1693 1710 1709 1746 1748 1765 1764 
1693 1695 1711 1710 1748 1750 1766 1765 
1695 1697 1712 1711 1750 1752 1767 1766 
1697 1699 1713 1712 1752 1754 1768 1767 
1699 1701 1714 1713 1754 1756 1769 1768 
1701 1703 1715 1714 1756 1758 1770 1769 
1703 1705 1716 1715 1758 1760 1771 1770 
1707 1706 1717 1718 1762 1761 1772 1773 
1706 1708 1719 1717 1761 1763 1774 1772 
1708 1709 1720 1719 1763 1764 1775 1774 
1709 1710 1721 1720 1764 1765 1776 1775 
1710 1711 1722 1721 1765 1766 1777 1776 
1711 1712 1723 1722 1766 1767 1778 1777 
1712 1713 1724 1723 1767 1768 1779 1778 
1713 1714 1725 1724 1768 1769 1780 1779 
1714 1715 1726 1725 1769 1770 1781 1780 
1715 1716 1727 1726 1770 1771 1782 1781 
1718 1717 1728 1729 1773 1772 1783 1784 
1717 1719 1730 1728 1772 1774 1785 1783 
1719 1720 1731 1730 1774 1775 1786 1785 
1720 1721 1732 1731 1775 1776 1787 1786 
1721 1722 1733 1732 1776 1777 1788 1787 
1722 1723 1734 1733 1777 1778 1789 1788 
1723 1724 1735 1734 1778 1779 1790 1789 
1724 1725 1736 1735 1779 1780 1791 1790 
1725 1726 1737 1736 1780 1781 1792 1791 
1726 1727 1738 1737 1781 1782 1793 1792 
1729 1728 926 925 1784 1783 992 991 
1728 1730 929 926 1783 1785 995 992 
1730 1731 931 929 1785 1786 997 995 
1731 1732 933 931 1786 1787 999 997 
1732 1733 935 933 1787 1788 1001 999 
1733 1734 937 935 1788 1789 1003 1001 
1734 1735 939 937 1789 1790 1005 1003 
1735 1736 941 939 1790 1791 1007 1005 
1736 1737 943 941 1791 1792 1009 1007 
1737 1738 945 943 1792 1793 1011 1009 
1739 1740 1741 1742 1794 1795 1796 1797 
1740 1743 1744 1741 1795 1798 1799 1796 
1743 1745 1746 1744 1798 1800 1801 1799 
1745 1747 1748 1746 1800 1802 1803 1801 
1747 1749 1750 1748 1802 1804 1805 1803 
1749 1751 1752 1750 1804 1806 1807 1805 
1751 1753 1754 1752 1806 1808 1809 1807 
1753 1755 1756 1754 1808 1810 1811 1809 
1755 1757 1758 1756 1810 1812 1813 1811 
1757 1759 1760 1758 1812 1814 1815 1813 
1742 1741 1761 1762 1797 1796 1816 1817 
1741 1744 1763 1761 1796 1799 1818 1816 
1744 1746 1764 1763 1799 1801 1819 1818 
1746 1748 1765 1764 1801 1803 1820 1819 
1748 1750 1766 1765 1803 1805 1821 1820 
1750 1752 1767 1766 1805 1807 1822 1821 
1752 1754 1768 1767 1807 1809 1823 1822 
1754 1756 1769 1768 1809 1811 1824 1823 
1756 1758 1770 1769 1811 1813 1825 1824 
1758 1760 1771 1770 1813 1815 1826 1825 
1762 1761 1772 1773 1817 1816 1827 1828 
1761 1763 1774 1772 1816 1818 1829 1827 
1763 1764 1775 1774 1818 1819 1830 1829 
1764 1765 1776 1775 1819 1820 1831 1830 
1765 1766 1777 1776 1820 1821 1832 1831 
1766 1767 1778 1777 1821 1822 1833 1832 
1767 1768 1779 1778 1822 1823 1834 1833 
1768 1769 1780 1779 1823 1824 1835 1834 
1769 1770 1781 1780 1824 1825 1836 1835 
1770 1771 1782 1781 1825 1826 1837 1836 
1773 1772 1783 1784 1828 1827 1838 1839 
1772 1774 1785 1783 1827 1829 1840 1838 
1774 1775 1786 1785 1829 1830 1841 1840 
1775 1776 1787 1786 1830 1831 1842 1841 
1776 1777 1788 1787 1831 1832 1843 1842 
1777 1778 1789 1788 1832 1833 1844 1843 
1778 1779 1790 1789 1833 1834 1845 1844 
1779 1780 1791 1790 1834 1835 1846 1845 
1780 1781 1792 1791 1835 1836 1847 1846 
1781 1782 1793 1792 1836 1837 1848 1847 
1784 1783 992 991 1839 1838 1058 1057 
1783 1785 995 992 1838 1840 1061 1058 
1785 1786 997 995 1840 1841 1063 1061 
1786 1787 999 997 1841 1842 1065 1063 
1787 1788 1001 999 1842 1843 1067 1065 
1788 1789 1003 1001 1843 1844 1069 1067 
1789 1790 1005 1003 1844 1845 1071 1069 
1790 1791 1007 1005 1845 1846 1073 1071 
1791 1792 1009 1007 1846 1847 1075 1073 
1792 1793 1011 1009 1847 1848 1077 1075 
1806 1808 1809 1807 1849 1850 1851 1852 
1808 1810 1811 1809 1850 1853 1854 1851 
1810 1812 1813 1811 1853 1855 1856 1854 
1812 1814 1815 1813 1855 1857 1858 1856 
1807 1809 1823 1822 1852 1851 1859 1860 
1809 1811 1824 1823 1851 1854 1861 1859 
1811 1813 1825 1824 1854 1856 1862 1861 
1813 1815 1826 1825 1856 1858 1863 1862 
1822 1823 1834 1833 1860 1859 1864 1865 
1823 1824 1835 1834 1859 1861 1866 1864 
1824 1825 1836 1835 1861 1862 1867 1866 
1825 1826 1837 1836 1862 1863 1868 1867 
1833 1834 1845 1844 1865 1864 1869 1870 
1834 1835 1846 1845 1864 1866 1871 1869 
1835 1836 1847 1846 1866 1867 1872 1871 
1836 1837 1848 1847 1867 1868 1873 1872 
1844 1845 1071 1069 1870 1869 1137 1135 
1845 1846 1073 1071 1869 1871 1139 1137 
1846 1847 1075 1073 1871 1872 1141 1139 
1847 1848 1077 1075 1872 1873 1143 1141 
1849 1850 1851 1852 1874 1875 1876 1877 
1850 1853 1854 1851 1875 1878 1879 1876 
1853 1855 1856 1854 1878 1880 1881 1879 
1855 1857 1858 1856 1880 1882 1883 1881 
1852 1851 1859 1860 1877 1876 1884 1885 
1851 1854 1861 1859 1876 1879 1886 1884 
1854 1856 1862 1861 1879 1881 1887 1886 
1856 1858 1863 1862 1881 1883 1888 1887 
1860 1859 1864 1865 1885 1884 1889 1890 
1859 1861 1866 1864 1884 1886 1891 1889 
1861 1862 1867 1866 1886 1887 1892 1891 
1862 1863 1868 1867 1887 1888 1893 1892 
1865 1864 1869 1870 1890 1889 1894 1895 
1864 1866 1871 1869 1889 1891 1896 1894 
1866 1867 1872 1871 1891 1892 1897 1896 
1867 1868 1873 1872 1892 1893 1898 1897 
1870 1869 1137 1135 1895 1894 1203 1201 
1869 1871 1139 1137 1894 1896 1205 1203 
1871 1872 1141 1139 1896 1897 1207 1205 
1872 1873 1143 1141 1897 1898 1209 1207 
1874 1875 1876 1877 1899 1900 1901 1902 
1875 1878 1879 1876 1900 1903 1904 1901 
1878 1880 1881 1879 1903 1905 1906 1904 
1880 1882 1883 1881 1905 1907 1908 1906 
1877 1876 1884 1885 1902 1901 1909 1910 
1876 1879 1886 1884 1901 1904 1911 1909 
1879 1881 1887 1886 1904 1906 1912 1911 
1881 1883 1888 1887 1906 1908 1913 1912 
1885 1884 1889 1890 1910 1909 1914 1915 
1884 1886 1891 1889 1909 1911 1916 1914 
1886 1887 1892 1891 1911 1912 1917 1916 
1887 1888 1893 1892 1912 1913 1918 1917 
1890 1889 1894 1895 1915 1914 1919 1920 
1889 1891 1896 1894 1914 1916 1921 1919 
1891 1892 1897 1896 1916 1917 1922 1921 
1892 1893 1898 1897 1917 1918 1923 1922 
1895 1894 1203 1201 1920 1919 1269 1267 
1894 1896 1205 1203 1919 1921 1271 1269 
1896 1897 1207 1205 1921 1922 1273 1271 
1897 1898 1209 1207 1922 1923 1275 1273 
1899 1900 1901 1902 1924 1925 1926 1927 
1900 1903 1904 1901 1925 1928 1929 1926 
1903 1905 1906 1904 1928 1930 1931 1929 
1905 1907 1908 1906 1930 1932 1933 1931 
1902 1901 1909 1910 1927 1926 1934 1935 
1901 1904 1911 1909 1926 1929 1936 1934 
1904 1906 1912 1911 1929 1931 1937 1936 
1906 1908 1913 1912 1931 1933 1938 1937 
1910 1909 1914 1915 1935 1934 1939 1940 
1909 1911 1916 1914 1934 1936 1941 1939 
1911 1912 1917 1916 1936 1937 1942 1941 
1912 1913 1918 1917 1937 1938 1943 1942 
1915 1914 1919 1920 1940 1939 1944 1945 
1914 1916 1921 1919 1939 1941 1946 1944 
1916 1917 1922 1921 1941 1942 1947 1946 
1917 1918 1923 1922 1942 1943 1948 1947 
1920 1919 1269 1267 1945 1944 1335 1333 
1919 1921 1271 1269 1944 1946 1337 1335 
1921 1922 1273 1271 1946 1947 1339 1337 
1922 1923 1275 1273 1947 1948 1341 1339 
1924 1925 1926 1927 1949 1950 1951 1952 
1925 1928 1929 1926 1950 1953 1954 1951 
1928 1930 1931 1929 1953 1955 1956 1954 
1930 1932 1933 1931 1955 1957 1958 1956 
1927 1926 1934 1935 1952 1951 1959 1960 
1926 1929 1936 1934 1951 1954 1961 1959 
1929 1931 1937 1936 1954 1956 1962 1961 
1931 1933 1938 1937 1956 1958 1963 1962 
1935 1934 1939 1940 1960 1959 1964 1965 
1934 1936 1941 1939 1959 1961 1966 1964 
1936 1937 1942 1941 1961 1962 1967 1966 
1937 1938 1943 1942 1962 1963 1968 1967 
1940 1939 1944 1945 1965 1964 1969 1970 
1939 1941 1946 1944 1964 1966 1971 1969 
1941 1942 1947 1946 1966 1967 1972 1971 
1942 1943 1948 1947 1967 1968 1973 1972 
1945 1944 1335 1333 1970 1969 1401 1399 
1944 1946 1337 1335 1969 1971 1403 1401 
1946 1947 1339 1337 1971 1972 1405 1403 
1947 1948 1341 1339 1972 1973 1407 1405 
1949 1950 1951 1952 1974 1975 1976 1977 
1950 1953 1954 1951 1975 1978 1979 1976 
1953 1955 1956 1954 1978 1980 1981 1979 
1955 1957 1958 1956 1980 1982 1983 1981 
1952 1951 1959 1960 1977 1976 1984 1985 
1951 1954 1961 1959 1976 1979 1986 1984 
1954 1956 1962 1961 1979 1981 1987 1986 
1956 1958 1963 1962 1981 1983 1988 1987 
1960 1959 1964 1965 1985 1984 1989 1990 
1959 1961 1966 1964 1984 1986 1991 1989 
1961 1962 1967 1966 1986 1987 1992 1991 
1962 1963 1968 1967 1987 1988 1993 1992 
1965 1964 1969 1970 1990 1989 1994 1995 
1964 1966 1971 1969 1989 1991 1996 1994 
1966 1967 1972 1971 1991 1992 1997 1996 
1967 1968 1973 1972 1992 1993 1998 1997 
1970 1969 1401 1399 1995 1994 1467 1465 
1969 1971 1403 1401 1994 1996 1469 1467 
1971 1972 1405 1403 1996 1997 1471 1469 
1972 1973 1407 1405 1997 1998 1473 1471 
1974 1975 1976 1977 25 29 30 26 
1975 1978 1979 1976 29 33 34 30 
1978 1980 1981 1979 33 37 38 34 
1980 1982 1983 1981 37 41 42 38 
1977 1976 1984 1985 26 30 59 57 
1976 1979 1986 1984 30 34 61 59 
1979 1981 1987 1986 34 38 63 61 
1981 1983 1988 1987 38 42 65 63 
1985 1984 1989 1990 57 59 81 79 
1984 1986 1991 1989 59 61 83 81 
1986 1987 1992 1991 61 63 85 83 
1987 1988 1993 1992 63 65 87 85 
1990 1989 1994 1995 79 81 103 101 
1989 1991 1996 1994 81 83 105 103 
1991 1992 1997 1996 83 85 107 105 
1992 1993 1998 1997 85 87 109 107 
1995 1994 1467 1465 101 103 125 123 
1994 1996 1469 1467 103 105 127 125 
1996 1997 1471 1469 105 107 129 127 
1997 1998 1473 1471 107 109 131 129 
1061 1058 1838 1840 1127 1124 1999 2000 
1058 1057 1839 1838 1124 1123 2001 1999 
1840 1838 1827 1829 2000 1999 2002 2003 
1838 1839 1828 1827 1999 2001 2004 2002 
1829 1827 1816 1818 2003 2002 2005 2006 
1827 1828 1817 1816 2002 2004 2007 2005 
1818 1816 1796 1799 2006 2005 2008 2009 
1816 1817 1797 1796 2005 2007 2010 2008 
1799 1796 1795 1798 2009 2008 2011 2012 
1796 1797 1794 1795 2008 2010 2013 2011 
1127 1124 1999 2000 1193 1190 2014 2015 
1124 1123 2001 1999 1190 1189 2016 2014 
2000 1999 2002 2003 2015 2014 2017 2018 
1999 2001 2004 2002 2014 2016 2019 2017 
2003 2002 2005 2006 2018 2017 2020 2021 
2002 2004 2007 2005 2017 2019 2022 2020 
2006 2005 2008 2009 2021 2020 2023 2024 
2005 2007 2010 2008 2020 2022 2025 2023 
2009 2008 2011 2012 2024 2023 2026 2027 
2008 2010 2013 2011 2023 2025 2028 2026 
1193 1190 2014 2015 1259 1256 2029 2030 
1190 1189 2016 2014 1256 1255 2031 2029 
2015 2014 2017 2018 2030 2029 2032 2033 
2014 2016 2019 2017 2029 2031 2034 2032 
2018 2017 2020 2021 2033 2032 2035 2036 
2017 2019 2022 2020 2032 2034 2037 2035 
2021 2020 2023 2024 2036 2035 2038 2039 
2020 2022 2025 2023 2035 2037 2040 2038 
2024 2023 2026 2027 2039 2038 2041 2042 
2023 2025 2028 2026 2038 2040 2043 2041 
1259 1256 2029 2030 1325 1322 2044 2045 
1256 1255 2031 2029 1322 1321 2046 2044 
2030 2029 2032 2033 2045 2044 2047 2048 
2029 2031 2034 2032 2044 2046 2049 2047 
2033 2032 2035 2036 2048 2047 2050 2051 
2032 2034 2037 2035 2047 2049 2052 2050 
2036 2035 2038 2039 2051 2050 2053 2054 
2035 2037 2040 2038 2050 2052 2055 2053 
2039 2038 2041 2042 2054 2053 2056 2057 
2038 2040 2043 2041 2053 2055 2058 2056 
1325 1322 2044 2045 1391 1388 2059 2060 
1322 1321 2046 2044 1388 1387 2061 2059 
2045 2044 2047 2048 2060 2059 2062 2063 
2044 2046 2049 2047 2059 2061 2064 2062 
2048 2047 2050 2051 2063 2062 2065 2066 
2047 2049 2052 2050 2062 2064 2067 2065 
2051 2050 2053 2054 2066 2065 2068 2069 
2050 2052 2055 2053 2065 2067 2070 2068 
2054 2053 2056 2057 2069 2068 2071 2072 
2053 2055 2058 2056 2068 2070 2073 2071 
1391 1388 2059 2060 1457 1454 2074 2075 
1388 1387 2061 2059 1454 1453 2076 2074 
2060 2059 2062 2063 2075 2074 2077 2078 
2059 2061 2064 2062 2074 2076 2079 2077 
2063 2062 2065 2066 2078 2077 2080 2081 
2062 2064 2067 2065 2077 2079 2082 2080 
2066 2065 2068 2069 2081 2080 2083 2084 
2065 2067 2070 2068 2080 2082 2085 2083 
2069 2068 2071 2072 2084 2083 2086 2087 
2068 2070 2073 2071 2083 2085 2088 2086 
1457 1454 2074 2075 115 111 89 93 
1454 1453 2076 2074 111 112 90 89 
2075 2074 2077 2078 93 89 67 71 
2074 2076 2079 2077 89 90 68 67 
2078 2077 2080 2081 71 67 45 49 
2077 2079 2082 2080 67 68 46 45 
2081 2080 2083 2084 49 45 3 10 
2080 2082 2085 2083 45 46 4 3 
2084 2083 2086 2087 10 3 2 9 
2083 2085 2088 2086 3 4 1 2 
119 1461 2089 97 117 1459 2090 95 
1461 1395 2091 2089 1459 1393 2092 2090 
1395 1329 2093 2091 1393 1327 2094 2092 
1329 1263 2095 2093 1327 1261 2096 2094 
1263 1197 2097 2095 1261 1195 2098 2096 
1197 1131 2099 2097 1195 1129 2100 2098 
1131 1065 1842 2099 1129 1063 1841 2100 
97 2089 2101 75 95 2090 2102 73 
2089 2091 2103 2101 2090 2092 2104 2102 
2091 2093 2105 2103 2092 2094 2106 2104 
2093 2095 2107 2105 2094 2096 2108 2106 
2095 2097 2109 2107 2096 2098 2110 2108 
2097 2099 2111 2109 2098 2100 2112 2110 
2099 1842 1831 2111 2100 1841 1830 2112 
75 2101 2113 53 73 2102 2114 51 
2101 2103 2115 2113 2102 2104 2116 2114 
2103 2105 2117 2115 2104 2106 2118 2116 
2105 2107 2119 2117 2106 2108 2120 2118 
2107 2109 2121 2119 2108 2110 2122 2120 
2109 2111 2123 2121 2110 2112 2124 2122 
2111 1831 1820 2123 2112 1830 1819 2124 
53 2113 2125 18 51 2114 2126 14 
2113 2115 2127 2125 2114 2116 2128 2126 
2115 2117 2129 2127 2116 2118 2130 2128 
2117 2119 2131 2129 2118 2120 2132 2130 
2119 2121 2133 2131 2120 2122 2134 2132 
2121 2123 2135 2133 2122 2124 2136 2134 
2123 1820 1803 2135 2124 1819 1801 2136 
18 2125 2137 17 14 2126 2138 13 
2125 2127 2139 2137 2126 2128 2140 2138 
2127 2129 2141 2139 2128 2130 2142 2140 
2129 2131 2143 2141 2130 2132 2144 2142 
2131 2133 2145 2143 2132 2134 2146 2144 
2133 2135 2147 2145 2134 2136 2148 2146 
2135 1803 1802 2147 2136 1801 1800 2148 
117 1459 2090 95 115 1457 2075 93 
1459 1393 2092 2090 1457 1391 2060 2075 
1393 1327 2094 2092 1391 1325 2045 2060 
1327 1261 2096 2094 1325 1259 2030 2045 
1261 1195 2098 2096 1259 1193 2015 2030 
1195 1129 2100 2098 1193 1127 2000 2015 
1129 1063 1841 2100 1127 1061 1840 2000 
95 2090 2102 73 93 2075 2078 71 
2090 2092 2104 2102 2075 2060 2063 2078 
2092 2094 2106 2104 2060 2045 2048 2063 
2094 2096 2108 2106 2045 2030 2033 2048 
2096 2098 2110 2108 2030 2015 2018 2033 
2098 2100 2112 2110 2015 2000 2003 2018 
2100 1841 1830 2112 2000 1840 1829 2003 
73 2102 2114 51 71 2078 2081 49 
2102 2104 2116 2114 2078 2063 2066 2081 
2104 2106 2118 2116 2063 2048 2051 2066 
2106 2108 2120 2118 2048 2033 2036 2051 
2108 2110 2122 2120 2033 2018 2021 2036 
2110 2112 2124 2122 2018 2003 2006 2021 
2112 1830 1819 2124 2003 1829 1818 2006 
51 2114 2126 14 49 2081 2084 10 
2114 2116 2128 2126 2081 2066 2069 2084 
2116 2118 2130 2128 2066 2051 2054 2069 
2118 2120 2132 2130 2051 2036 2039 2054 
2120 2122 2134 2132 2036 2021 2024 2039 
2122 2124 2136 2134 2021 2006 2009 2024 
2124 1819 1801 2136 2006 1818 1799 2009 
14 2126 2138 13 10 2084 2087 9 
2126 2128 2140 2138 2084 2069 2072 2087 
2128 2130 2142 2140 2069 2054 2057 2072 
2130 2132 2144 2142 2054 2039 2042 2057 
2132 2134 2146 2144 2039 2024 2027 2042 
2134 2136 2148 2146 2024 2009 2012 2027 
2136 1801 1800 2148 2009 1799 1798 2012 
123 1465 1995 101 121 1463 2149 99 
1465 1399 1970 1995 1463 1397 2150 2149 
1399 1333 1945 1970 1397 1331 2151 2150 
1333 1267 1920 1945 1331 1265 2152 2151 
1267 1201 1895 1920 1265 1199 2153 2152 
1201 1135 1870 1895 1199 1133 2154 2153 
1135 1069 1844 1870 1133 1067 1843 2154 
101 1995 1990 79 99 2149 2155 77 
1995 1970 1965 1990 2149 2150 2156 2155 
1970 1945 1940 1965 2150 2151 2157 2156 
1945 1920 1915 1940 2151 2152 2158 2157 
1920 1895 1890 1915 2152 2153 2159 2158 
1895 1870 1865 1890 2153 2154 2160 2159 
1870 1844 1833 1865 2154 1843 1832 2160 
79 1990 1985 57 77 2155 2161 55 
1990 1965 1960 1985 2155 2156 2162 2161 
1965 1940 1935 1960 2156 2157 2163 2162 
1940 1915 1910 1935 2157 2158 2164 2163 
1915 1890 1885 1910 2158 2159 2165 2164 
1890 1865 1860 1885 2159 2160 2166 2165 
1865 1833 1822 1860 2160 1832 1821 2166 
57 1985 1977 26 55 2161 2167 22 
1985 1960 1952 1977 2161 2162 2168 2167 
1960 1935 1927 1952 2162 2163 2169 2168 
1935 1910 1902 1927 2163 2164 2170 2169 
1910 1885 1877 1902 2164 2165 2171 2170 
1885 1860 1852 1877 2165 2166 2172 2171 
1860 1822 1807 1852 2166 1821 1805 2172 
26 1977 1974 25 22 2167 2173 21 
1977 1952 1949 1974 2167 2168 2174 2173 
1952 1927 1924 1949 2168 2169 2175 2174 
1927 1902 1899 1924 2169 2170 2176 2175 
1902 1877 1874 1899 2170 2171 2177 2176 
1877 1852 1849 1874 2171 2172 2178 2177 
1852 1807 1806 1849 2172 1805 1804 2178 
121 1463 2149 99 119 1461 2089 97 
1463 1397 2150 2149 1461 1395 2091 2089 
1397 1331 2151 2150 1395 1329 2093 2091 
1331 1265 2152 2151 1329 1263 2095 2093 
1265 1199 2153 2152 1263 1197 2097 2095 
1199 1133 2154 2153 1197 1131 2099 2097 
1133 1067 1843 2154 1131 1065 1842 2099 
99 2149 2155 77 97 2089 2101 75 
2149 2150 2156 2155 2089 2091 2103 2101 
2150 2151 2157 2156 2091 2093 2105 2103 
2151 2152 2158 2157 2093 2095 2107 2105 
2152 2153 2159 2158 2095 2097 2109 2107 
2153 2154 2160 2159 2097 2099 2111 2109 
2154 1843 1832 2160 2099 1842 1831 2111 
77 2155 2161 55 75 2101 2113 53 
2155 2156 2162 2161 2101 2103 2115 2113 
2156 2157 2163 2162 2103 2105 2117 2115 
2157 2158 2164 2163 2105 2107 2119 2117 
2158 2159 2165 2164 2107 2109 2121 2119 
2159 2160 2166 2165 2109 2111 2123 2121 
2160 1832 1821 2166 2111 1831 1820 2123 
55 2161 2167 22 53 2113 2125 18 
2161 2162 2168 2167 2113 2115 2127 2125 
2162 2163 2169 2168 2115 2117 2129 2127 
2163 2164 2170 2169 2117 2119 2131 2129 
2164 2165 2171 2170 2119 2121 2133 2131 
2165 2166 2172 2171 2121 2123 2135 2133 
2166 1821 1805 2172 2123 1820 1803 2135 
22 2167 2173 21 18 2125 2137 17 
2167 2168 2174 2173 2125 2127 2139 2137 
2168 2169 2175 2174 2127 2129 2141 2139 
2169 2170 2176 2175 2129 2131 2143 2141 
2170 2171 2177 2176 2131 2133 2145 2143 
2171 2172 2178 2177 2133 2135 2147 2145 
2172 1805 1804 2178 2135 1803 1802 2147 
