2 0.0
370
10 2
20 2
30 2
40 2
50 2
60 2
70 2
80 2
90 2
100 2
110 2
120 2
130 2
140 2
150 2
160 2
170 2
180 2
190 2
200 2
210 2
220 2
230 2
240 2
250 2
260 2
270 2
280 2
290 2
300 2
310 2
320 2
330 2
340 2
350 2
360 2
370 2
380 2
390 2
400 2
410 2
420 2
430 2
440 2
450 2
460 2
470 2
480 2
490 2
500 2
510 2
520 2
530 2
540 2
550 2
560 2
570 2
580 2
590 2
600 2
610 2
620 2
630 2
640 2
650 2
660 2
670 2
680 2
690 2
700 2
710 2
720 2
730 2
740 2
750 2
760 2
770 2
780 2
790 2
800 2
810 2
820 2
830 2
840 2
850 2
860 2
870 2
880 2
890 2
900 2
910 2
920 2
930 2
940 2
950 2
960 2
970 2
980 2
990 2
1000 2
1010 2
1020 2
1030 2
1040 2
1050 2
1060 2
1070 2
1080 2
1090 2
1100 2
1110 2
1120 2
1130 2
1140 2
1150 2
1160 2
1170 2
1180 2
1190 2
1200 2
1210 2
1220 2
1230 2
1240 2
1250 2
1260 2
1270 2
1280 2
1290 2
1300 2
1310 2
1320 2
1330 2
1340 2
1350 2
1354 2
1358 2
1362 2
1366 2
1370 2
1374 2
1378 2
1382 2
1386 2
1390 2
1394 2
1398 2
1402 2
1406 2
1410 2
1414 2
1418 2
1422 2
1426 2
1430 2
1434 2
1438 2
1442 2
1446 2
1450 2
1454 2
1458 2
1462 2
1466 2
1470 2
1474 2
1478 2
1482 2
1486 2
1490 2
501 5
502 5
503 5
504 5
505 5
506 5
507 5
508 5
509 5
510 5
511 5
512 5
513 5
514 5
515 5
516 5
517 5
518 5
519 5
520 5
521 5
522 5
523 5
524 5
525 5
526 5
527 5
528 5
529 5
530 5
531 5
532 5
533 5
534 5
535 5
536 5
537 5
538 5
539 5
540 5
541 5
542 5
543 5
544 5
545 5
546 5
547 5
548 5
549 5
550 5
1101 5
1102 5
1103 5
1104 5
1105 5
1106 5
1107 5
1108 5
1109 5
1110 5
1111 5
1112 5
1113 5
1114 5
1115 5
1116 5
1117 5
1118 5
1119 5
1120 5
1121 5
1122 5
1123 5
1124 5
1125 5
1126 5
1127 5
1128 5
1129 5
1130 5
1131 5
1132 5
1133 5
1134 5
1135 5
1136 5
1137 5
1138 5
1139 5
1140 5
1141 5
1142 5
1143 5
1144 5
1145 5
1146 5
1147 5
1148 5
1149 5
1150 5
401 6
402 6
403 6
404 6
405 6
406 6
407 6
408 6
409 6
410 6
411 6
412 6
413 6
414 6
415 6
416 6
417 6
418 6
419 6
420 6
421 6
422 6
423 6
424 6
425 6
426 6
427 6
428 6
429 6
430 6
431 6
432 6
433 6
434 6
435 6
436 6
437 6
438 6
439 6
440 6
441 6
442 6
443 6
444 6
445 6
446 6
447 6
448 6
449 6
450 6
451 6
452 6
453 6
454 6
455 6
456 6
457 6
458 6
459 6
460 6
461 6
462 6
463 6
464 6
465 6
466 6
467 6
468 6
469 6
470 6
471 6
472 6
473 6
474 6
475 6
476 6
477 6
478 6
479 6
480 6
481 6
482 6
483 6
484 6
485 6
486 6
487 6
488 6
489 6
490 6
491 6
492 6
493 6
494 6
495 6
496 6
497 6
498 6
499 6
500 6
