170
10 2
20 2
30 2
40 2
50 2
60 2
70 2
80 2
90 2
100 2
110 2
120 2
130 2
140 2
150 2
160 2
170 2
180 2
190 2
200 2
210 2
220 2
230 2
240 2
250 2
260 2
270 2
280 2
290 2
300 2
310 2
320 2
330 2
340 2
350 2
360 2
370 2
380 2
390 2
400 2
410 2
420 2
430 2
440 2
450 2
460 2
470 2
480 2
490 2
500 2
510 2
520 2
530 2
540 2
550 2
560 2
570 2
580 2
590 2
600 2
610 2
620 2
630 2
640 2
650 2
660 2
670 2
680 2
690 2
700 2
710 2
720 2
730 2
740 2
750 2
760 2
770 2
780 2
790 2
800 2
810 2
820 2
830 2
840 2
850 2
860 2
870 2
880 2
890 2
900 2
910 2
920 2
930 2
940 2
950 2
960 2
970 2
980 2
990 2
1000 2
1010 2
1020 2
1030 2
1040 2
1050 2
1060 2
1070 2
1080 2
1090 2
1100 2
1110 2
1120 2
1130 2
1140 2
1150 2
1160 2
1170 2
1180 2
1190 2
1200 2
1210 2
1220 2
1230 2
1240 2
1250 2
1260 2
1270 2
1280 2
1290 2
1300 2
1310 2
1320 2
1330 2
1340 2
1350 2
1354 2
1358 2
1362 2
1366 2
1370 2
1374 2
1378 2
1382 2
1386 2
1390 2
1394 2
1398 2
1402 2
1406 2
1410 2
1414 2
1418 2
1422 2
1426 2
1430 2
1434 2
1438 2
1442 2
1446 2
1450 2
1454 2
1458 2
1462 2
1466 2
1470 2
1474 2
1478 2
1482 2
1486 2
1490 2
