2 0.0
144
1 5
2 5
3 5
4 5
5 5
6 5
7 5
8 5
9 5
10 5
11 5
12 5
13 5
14 5
15 5
16 5
17 5
18 5
19 5
20 5
21 5
22 5
23 5
24 5
25 5
26 5
27 5
28 5
29 5
30 5
31 5
32 5
33 5
34 5
35 5
36 5
37 5
38 5
39 5
40 5
41 5
42 5
43 5
44 5
45 5
46 5
47 5
48 5
49 5
50 5
51 5
52 5
53 5
54 5
55 5
56 5
57 5
58 5
59 5
60 5
61 5
62 5
63 5
64 5
65 5
66 5
67 5
68 5
69 5
70 5
71 5
72 5
73 5
74 5
75 5
76 5
77 5
78 5
79 5
80 5
321 4
341 4
361 4
381 4
401 4
421 4
441 4
461 4
481 4
501 4
521 4
541 4
561 4
581 4
601 4
621 4
1 1
2 1
3 1
4 1
81 1
82 1
83 1
84 1
161 1
162 1
163 1
164 1
241 1
242 1
243 1
244 1
340 2
360 2
380 2
400 2
420 2
440 2
460 2
480 2
500 2
520 2
540 2
560 2
580 2
600 2
620 2
640 2
77 3
78 3
79 3
80 3
157 3
158 3
159 3
160 3
237 3
238 3
239 3
240 3
317 3
318 3
319 3
320 3
