2 0.0
300
10 2
20 2
30 2
40 2
50 2
60 2
70 2
80 2
90 2
100 2
110 2
120 2
130 2
140 2
150 2
160 2
170 2
180 2
190 2
200 2
210 2
220 2
230 2
240 2
250 2
260 2
270 2
280 2
290 2
300 2
310 2
320 2
330 2
340 2
350 2
360 2
370 2
380 2
390 2
400 2
410 2
420 2
430 2
440 2
450 2
460 2
470 2
480 2
490 2
500 2
504 2
508 2
512 2
516 2
520 2
524 2
528 2
532 2
536 2
540 2
544 2
548 2
552 2
556 2
560 2
564 2
568 2
572 2
576 2
580 2
584 2
588 2
592 2
596 2
600 2
604 2
608 2
612 2
616 2
620 2
624 2
628 2
632 2
636 2
640 2
644 2
648 2
652 2
656 2
660 2
664 2
668 2
672 2
676 2
680 2
684 2
688 2
692 2
696 2
700 2
41 3
42 3
43 3
44 3
45 3
46 3
47 3
48 3
49 3
50 3
91 3
92 3
93 3
94 3
95 3
96 3
97 3
98 3
99 3
100 3
141 3
142 3
143 3
144 3
145 3
146 3
147 3
148 3
149 3
150 3
191 3
192 3
193 3
194 3
195 3
196 3
197 3
198 3
199 3
200 3
241 3
242 3
243 3
244 3
245 3
246 3
247 3
248 3
249 3
250 3
291 3
292 3
293 3
294 3
295 3
296 3
297 3
298 3
299 3
300 3
341 3
342 3
343 3
344 3
345 3
346 3
347 3
348 3
349 3
350 3
391 3
392 3
393 3
394 3
395 3
396 3
397 3
398 3
399 3
400 3
441 3
442 3
443 3
444 3
445 3
446 3
447 3
448 3
449 3
450 3
491 3
492 3
493 3
494 3
495 3
496 3
497 3
498 3
499 3
500 3
709 3
710 3
719 3
720 3
729 3
730 3
739 3
740 3
749 3
750 3
759 3
760 3
769 3
770 3
779 3
780 3
789 3
790 3
799 3
800 3
809 3
810 3
819 3
820 3
829 3
830 3
839 3
840 3
849 3
850 3
859 3
860 3
869 3
870 3
879 3
880 3
889 3
890 3
899 3
900 3
941 3
942 3
943 3
944 3
945 3
946 3
947 3
948 3
949 3
950 3
991 3
992 3
993 3
994 3
995 3
996 3
997 3
998 3
999 3
1000 3
501 1
502 1
503 1
504 1
521 1
522 1
523 1
524 1
541 1
542 1
543 1
544 1
561 1
562 1
563 1
564 1
581 1
582 1
583 1
584 1
601 1
602 1
603 1
604 1
621 1
622 1
623 1
624 1
641 1
642 1
643 1
644 1
661 1
662 1
663 1
664 1
681 1
682 1
683 1
684 1
