1000
1 2 3 4 5 6 7 8 
2 9 10 3 6 11 12 7 
9 13 14 10 11 15 16 12 
13 17 18 14 15 19 20 16 
17 21 22 18 19 23 24 20 
21 25 26 22 23 27 28 24 
25 29 30 26 27 31 32 28 
29 33 34 30 31 35 36 32 
33 37 38 34 35 39 40 36 
37 41 42 38 39 43 44 40 
4 3 45 46 8 7 47 48 
3 10 49 45 7 12 50 47 
10 14 51 49 12 16 52 50 
14 18 53 51 16 20 54 52 
18 22 55 53 20 24 56 54 
22 26 57 55 24 28 58 56 
26 30 59 57 28 32 60 58 
30 34 61 59 32 36 62 60 
34 38 63 61 36 40 64 62 
38 42 65 63 40 44 66 64 
46 45 67 68 48 47 69 70 
45 49 71 67 47 50 72 69 
49 51 73 71 50 52 74 72 
51 53 75 73 52 54 76 74 
53 55 77 75 54 56 78 76 
55 57 79 77 56 58 80 78 
57 59 81 79 58 60 82 80 
59 61 83 81 60 62 84 82 
61 63 85 83 62 64 86 84 
63 65 87 85 64 66 88 86 
68 67 89 90 70 69 91 92 
67 71 93 89 69 72 94 91 
71 73 95 93 72 74 96 94 
73 75 97 95 74 76 98 96 
75 77 99 97 76 78 100 98 
77 79 101 99 78 80 102 100 
79 81 103 101 80 82 104 102 
81 83 105 103 82 84 106 104 
83 85 107 105 84 86 108 106 
85 87 109 107 86 88 110 108 
90 89 111 112 92 91 113 114 
89 93 115 111 91 94 116 113 
93 95 117 115 94 96 118 116 
95 97 119 117 96 98 120 118 
97 99 121 119 98 100 122 120 
99 101 123 121 100 102 124 122 
101 103 125 123 102 104 126 124 
103 105 127 125 104 106 128 126 
105 107 129 127 106 108 130 128 
107 109 131 129 108 110 132 130 
5 6 7 8 133 134 135 136 
6 11 12 7 134 137 138 135 
11 15 16 12 137 139 140 138 
15 19 20 16 139 141 142 140 
19 23 24 20 141 143 144 142 
23 27 28 24 143 145 146 144 
27 31 32 28 145 147 148 146 
31 35 36 32 147 149 150 148 
35 39 40 36 149 151 152 150 
39 43 44 40 151 153 154 152 
8 7 47 48 136 135 155 156 
7 12 50 47 135 138 157 155 
12 16 52 50 138 140 158 157 
16 20 54 52 140 142 159 158 
20 24 56 54 142 144 160 159 
24 28 58 56 144 146 161 160 
28 32 60 58 146 148 162 161 
32 36 62 60 148 150 163 162 
36 40 64 62 150 152 164 163 
40 44 66 64 152 154 165 164 
48 47 69 70 156 155 166 167 
47 50 72 69 155 157 168 166 
50 52 74 72 157 158 169 168 
52 54 76 74 158 159 170 169 
54 56 78 76 159 160 171 170 
56 58 80 78 160 161 172 171 
58 60 82 80 161 162 173 172 
60 62 84 82 162 163 174 173 
62 64 86 84 163 164 175 174 
64 66 88 86 164 165 176 175 
70 69 91 92 167 166 177 178 
69 72 94 91 166 168 179 177 
72 74 96 94 168 169 180 179 
74 76 98 96 169 170 181 180 
76 78 100 98 170 171 182 181 
78 80 102 100 171 172 183 182 
80 82 104 102 172 173 184 183 
82 84 106 104 173 174 185 184 
84 86 108 106 174 175 186 185 
86 88 110 108 175 176 187 186 
92 91 113 114 178 177 188 189 
91 94 116 113 177 179 190 188 
94 96 118 116 179 180 191 190 
96 98 120 118 180 181 192 191 
98 100 122 120 181 182 193 192 
100 102 124 122 182 183 194 193 
102 104 126 124 183 184 195 194 
104 106 128 126 184 185 196 195 
106 108 130 128 185 186 197 196 
108 110 132 130 186 187 198 197 
133 134 135 136 199 200 201 202 
134 137 138 135 200 203 204 201 
137 139 140 138 203 205 206 204 
139 141 142 140 205 207 208 206 
141 143 144 142 207 209 210 208 
143 145 146 144 209 211 212 210 
145 147 148 146 211 213 214 212 
147 149 150 148 213 215 216 214 
149 151 152 150 215 217 218 216 
151 153 154 152 217 219 220 218 
136 135 155 156 202 201 221 222 
135 138 157 155 201 204 223 221 
138 140 158 157 204 206 224 223 
140 142 159 158 206 208 225 224 
142 144 160 159 208 210 226 225 
144 146 161 160 210 212 227 226 
146 148 162 161 212 214 228 227 
148 150 163 162 214 216 229 228 
150 152 164 163 216 218 230 229 
152 154 165 164 218 220 231 230 
156 155 166 167 222 221 232 233 
155 157 168 166 221 223 234 232 
157 158 169 168 223 224 235 234 
158 159 170 169 224 225 236 235 
159 160 171 170 225 226 237 236 
160 161 172 171 226 227 238 237 
161 162 173 172 227 228 239 238 
162 163 174 173 228 229 240 239 
163 164 175 174 229 230 241 240 
164 165 176 175 230 231 242 241 
167 166 177 178 233 232 243 244 
166 168 179 177 232 234 245 243 
168 169 180 179 234 235 246 245 
169 170 181 180 235 236 247 246 
170 171 182 181 236 237 248 247 
171 172 183 182 237 238 249 248 
172 173 184 183 238 239 250 249 
173 174 185 184 239 240 251 250 
174 175 186 185 240 241 252 251 
175 176 187 186 241 242 253 252 
178 177 188 189 244 243 254 255 
177 179 190 188 243 245 256 254 
179 180 191 190 245 246 257 256 
180 181 192 191 246 247 258 257 
181 182 193 192 247 248 259 258 
182 183 194 193 248 249 260 259 
183 184 195 194 249 250 261 260 
184 185 196 195 250 251 262 261 
185 186 197 196 251 252 263 262 
186 187 198 197 252 253 264 263 
199 200 201 202 265 266 267 268 
200 203 204 201 266 269 270 267 
203 205 206 204 269 271 272 270 
205 207 208 206 271 273 274 272 
207 209 210 208 273 275 276 274 
209 211 212 210 275 277 278 276 
211 213 214 212 277 279 280 278 
213 215 216 214 279 281 282 280 
215 217 218 216 281 283 284 282 
217 219 220 218 283 285 286 284 
202 201 221 222 268 267 287 288 
201 204 223 221 267 270 289 287 
204 206 224 223 270 272 290 289 
206 208 225 224 272 274 291 290 
208 210 226 225 274 276 292 291 
210 212 227 226 276 278 293 292 
212 214 228 227 278 280 294 293 
214 216 229 228 280 282 295 294 
216 218 230 229 282 284 296 295 
218 220 231 230 284 286 297 296 
222 221 232 233 288 287 298 299 
221 223 234 232 287 289 300 298 
223 224 235 234 289 290 301 300 
224 225 236 235 290 291 302 301 
225 226 237 236 291 292 303 302 
226 227 238 237 292 293 304 303 
227 228 239 238 293 294 305 304 
228 229 240 239 294 295 306 305 
229 230 241 240 295 296 307 306 
230 231 242 241 296 297 308 307 
233 232 243 244 299 298 309 310 
232 234 245 243 298 300 311 309 
234 235 246 245 300 301 312 311 
235 236 247 246 301 302 313 312 
236 237 248 247 302 303 314 313 
237 238 249 248 303 304 315 314 
238 239 250 249 304 305 316 315 
239 240 251 250 305 306 317 316 
240 241 252 251 306 307 318 317 
241 242 253 252 307 308 319 318 
244 243 254 255 310 309 320 321 
243 245 256 254 309 311 322 320 
245 246 257 256 311 312 323 322 
246 247 258 257 312 313 324 323 
247 248 259 258 313 314 325 324 
248 249 260 259 314 315 326 325 
249 250 261 260 315 316 327 326 
250 251 262 261 316 317 328 327 
251 252 263 262 317 318 329 328 
252 253 264 263 318 319 330 329 
265 266 267 268 331 332 333 334 
266 269 270 267 332 335 336 333 
269 271 272 270 335 337 338 336 
271 273 274 272 337 339 340 338 
273 275 276 274 339 341 342 340 
275 277 278 276 341 343 344 342 
277 279 280 278 343 345 346 344 
279 281 282 280 345 347 348 346 
281 283 284 282 347 349 350 348 
283 285 286 284 349 351 352 350 
268 267 287 288 334 333 353 354 
267 270 289 287 333 336 355 353 
270 272 290 289 336 338 356 355 
272 274 291 290 338 340 357 356 
274 276 292 291 340 342 358 357 
276 278 293 292 342 344 359 358 
278 280 294 293 344 346 360 359 
280 282 295 294 346 348 361 360 
282 284 296 295 348 350 362 361 
284 286 297 296 350 352 363 362 
288 287 298 299 354 353 364 365 
287 289 300 298 353 355 366 364 
289 290 301 300 355 356 367 366 
290 291 302 301 356 357 368 367 
291 292 303 302 357 358 369 368 
292 293 304 303 358 359 370 369 
293 294 305 304 359 360 371 370 
294 295 306 305 360 361 372 371 
295 296 307 306 361 362 373 372 
296 297 308 307 362 363 374 373 
299 298 309 310 365 364 375 376 
298 300 311 309 364 366 377 375 
300 301 312 311 366 367 378 377 
301 302 313 312 367 368 379 378 
302 303 314 313 368 369 380 379 
303 304 315 314 369 370 381 380 
304 305 316 315 370 371 382 381 
305 306 317 316 371 372 383 382 
306 307 318 317 372 373 384 383 
307 308 319 318 373 374 385 384 
310 309 320 321 376 375 386 387 
309 311 322 320 375 377 388 386 
311 312 323 322 377 378 389 388 
312 313 324 323 378 379 390 389 
313 314 325 324 379 380 391 390 
314 315 326 325 380 381 392 391 
315 316 327 326 381 382 393 392 
316 317 328 327 382 383 394 393 
317 318 329 328 383 384 395 394 
318 319 330 329 384 385 396 395 
331 332 333 334 397 398 399 400 
332 335 336 333 398 401 402 399 
335 337 338 336 401 403 404 402 
337 339 340 338 403 405 406 404 
339 341 342 340 405 407 408 406 
341 343 344 342 407 409 410 408 
343 345 346 344 409 411 412 410 
345 347 348 346 411 413 414 412 
347 349 350 348 413 415 416 414 
349 351 352 350 415 417 418 416 
334 333 353 354 400 399 419 420 
333 336 355 353 399 402 421 419 
336 338 356 355 402 404 422 421 
338 340 357 356 404 406 423 422 
340 342 358 357 406 408 424 423 
342 344 359 358 408 410 425 424 
344 346 360 359 410 412 426 425 
346 348 361 360 412 414 427 426 
348 350 362 361 414 416 428 427 
350 352 363 362 416 418 429 428 
354 353 364 365 420 419 430 431 
353 355 366 364 419 421 432 430 
355 356 367 366 421 422 433 432 
356 357 368 367 422 423 434 433 
357 358 369 368 423 424 435 434 
358 359 370 369 424 425 436 435 
359 360 371 370 425 426 437 436 
360 361 372 371 426 427 438 437 
361 362 373 372 427 428 439 438 
362 363 374 373 428 429 440 439 
365 364 375 376 431 430 441 442 
364 366 377 375 430 432 443 441 
366 367 378 377 432 433 444 443 
367 368 379 378 433 434 445 444 
368 369 380 379 434 435 446 445 
369 370 381 380 435 436 447 446 
370 371 382 381 436 437 448 447 
371 372 383 382 437 438 449 448 
372 373 384 383 438 439 450 449 
373 374 385 384 439 440 451 450 
376 375 386 387 442 441 452 453 
375 377 388 386 441 443 454 452 
377 378 389 388 443 444 455 454 
378 379 390 389 444 445 456 455 
379 380 391 390 445 446 457 456 
380 381 392 391 446 447 458 457 
381 382 393 392 447 448 459 458 
382 383 394 393 448 449 460 459 
383 384 395 394 449 450 461 460 
384 385 396 395 450 451 462 461 
397 398 399 400 463 464 465 466 
398 401 402 399 464 467 468 465 
401 403 404 402 467 469 470 468 
403 405 406 404 469 471 472 470 
405 407 408 406 471 473 474 472 
407 409 410 408 473 475 476 474 
409 411 412 410 475 477 478 476 
411 413 414 412 477 479 480 478 
413 415 416 414 479 481 482 480 
415 417 418 416 481 483 484 482 
400 399 419 420 466 465 485 486 
399 402 421 419 465 468 487 485 
402 404 422 421 468 470 488 487 
404 406 423 422 470 472 489 488 
406 408 424 423 472 474 490 489 
408 410 425 424 474 476 491 490 
410 412 426 425 476 478 492 491 
412 414 427 426 478 480 493 492 
414 416 428 427 480 482 494 493 
416 418 429 428 482 484 495 494 
420 419 430 431 486 485 496 497 
419 421 432 430 485 487 498 496 
421 422 433 432 487 488 499 498 
422 423 434 433 488 489 500 499 
423 424 435 434 489 490 501 500 
424 425 436 435 490 491 502 501 
425 426 437 436 491 492 503 502 
426 427 438 437 492 493 504 503 
427 428 439 438 493 494 505 504 
428 429 440 439 494 495 506 505 
431 430 441 442 497 496 507 508 
430 432 443 441 496 498 509 507 
432 433 444 443 498 499 510 509 
433 434 445 444 499 500 511 510 
434 435 446 445 500 501 512 511 
435 436 447 446 501 502 513 512 
436 437 448 447 502 503 514 513 
437 438 449 448 503 504 515 514 
438 439 450 449 504 505 516 515 
439 440 451 450 505 506 517 516 
442 441 452 453 508 507 518 519 
441 443 454 452 507 509 520 518 
443 444 455 454 509 510 521 520 
444 445 456 455 510 511 522 521 
445 446 457 456 511 512 523 522 
446 447 458 457 512 513 524 523 
447 448 459 458 513 514 525 524 
448 449 460 459 514 515 526 525 
449 450 461 460 515 516 527 526 
450 451 462 461 516 517 528 527 
463 464 465 466 529 530 531 532 
464 467 468 465 530 533 534 531 
467 469 470 468 533 535 536 534 
469 471 472 470 535 537 538 536 
471 473 474 472 537 539 540 538 
473 475 476 474 539 541 542 540 
475 477 478 476 541 543 544 542 
477 479 480 478 543 545 546 544 
479 481 482 480 545 547 548 546 
481 483 484 482 547 549 550 548 
466 465 485 486 532 531 551 552 
465 468 487 485 531 534 553 551 
468 470 488 487 534 536 554 553 
470 472 489 488 536 538 555 554 
472 474 490 489 538 540 556 555 
474 476 491 490 540 542 557 556 
476 478 492 491 542 544 558 557 
478 480 493 492 544 546 559 558 
480 482 494 493 546 548 560 559 
482 484 495 494 548 550 561 560 
486 485 496 497 552 551 562 563 
485 487 498 496 551 553 564 562 
487 488 499 498 553 554 565 564 
488 489 500 499 554 555 566 565 
489 490 501 500 555 556 567 566 
490 491 502 501 556 557 568 567 
491 492 503 502 557 558 569 568 
492 493 504 503 558 559 570 569 
493 494 505 504 559 560 571 570 
494 495 506 505 560 561 572 571 
497 496 507 508 563 562 573 574 
496 498 509 507 562 564 575 573 
498 499 510 509 564 565 576 575 
499 500 511 510 565 566 577 576 
500 501 512 511 566 567 578 577 
501 502 513 512 567 568 579 578 
502 503 514 513 568 569 580 579 
503 504 515 514 569 570 581 580 
504 505 516 515 570 571 582 581 
505 506 517 516 571 572 583 582 
508 507 518 519 574 573 584 585 
507 509 520 518 573 575 586 584 
509 510 521 520 575 576 587 586 
510 511 522 521 576 577 588 587 
511 512 523 522 577 578 589 588 
512 513 524 523 578 579 590 589 
513 514 525 524 579 580 591 590 
514 515 526 525 580 581 592 591 
515 516 527 526 581 582 593 592 
516 517 528 527 582 583 594 593 
529 530 531 532 595 596 597 598 
530 533 534 531 596 599 600 597 
533 535 536 534 599 601 602 600 
535 537 538 536 601 603 604 602 
537 539 540 538 603 605 606 604 
539 541 542 540 605 607 608 606 
541 543 544 542 607 609 610 608 
543 545 546 544 609 611 612 610 
545 547 548 546 611 613 614 612 
547 549 550 548 613 615 616 614 
532 531 551 552 598 597 617 618 
531 534 553 551 597 600 619 617 
534 536 554 553 600 602 620 619 
536 538 555 554 602 604 621 620 
538 540 556 555 604 606 622 621 
540 542 557 556 606 608 623 622 
542 544 558 557 608 610 624 623 
544 546 559 558 610 612 625 624 
546 548 560 559 612 614 626 625 
548 550 561 560 614 616 627 626 
552 551 562 563 618 617 628 629 
551 553 564 562 617 619 630 628 
553 554 565 564 619 620 631 630 
554 555 566 565 620 621 632 631 
555 556 567 566 621 622 633 632 
556 557 568 567 622 623 634 633 
557 558 569 568 623 624 635 634 
558 559 570 569 624 625 636 635 
559 560 571 570 625 626 637 636 
560 561 572 571 626 627 638 637 
563 562 573 574 629 628 639 640 
562 564 575 573 628 630 641 639 
564 565 576 575 630 631 642 641 
565 566 577 576 631 632 643 642 
566 567 578 577 632 633 644 643 
567 568 579 578 633 634 645 644 
568 569 580 579 634 635 646 645 
569 570 581 580 635 636 647 646 
570 571 582 581 636 637 648 647 
571 572 583 582 637 638 649 648 
574 573 584 585 640 639 650 651 
573 575 586 584 639 641 652 650 
575 576 587 586 641 642 653 652 
576 577 588 587 642 643 654 653 
577 578 589 588 643 644 655 654 
578 579 590 589 644 645 656 655 
579 580 591 590 645 646 657 656 
580 581 592 591 646 647 658 657 
581 582 593 592 647 648 659 658 
582 583 594 593 648 649 660 659 
595 596 597 598 661 662 663 664 
596 599 600 597 662 665 666 663 
599 601 602 600 665 667 668 666 
601 603 604 602 667 669 670 668 
603 605 606 604 669 671 672 670 
605 607 608 606 671 673 674 672 
607 609 610 608 673 675 676 674 
609 611 612 610 675 677 678 676 
611 613 614 612 677 679 680 678 
613 615 616 614 679 681 682 680 
598 597 617 618 664 663 683 684 
597 600 619 617 663 666 685 683 
600 602 620 619 666 668 686 685 
602 604 621 620 668 670 687 686 
604 606 622 621 670 672 688 687 
606 608 623 622 672 674 689 688 
608 610 624 623 674 676 690 689 
610 612 625 624 676 678 691 690 
612 614 626 625 678 680 692 691 
614 616 627 626 680 682 693 692 
618 617 628 629 684 683 694 695 
617 619 630 628 683 685 696 694 
619 620 631 630 685 686 697 696 
620 621 632 631 686 687 698 697 
621 622 633 632 687 688 699 698 
622 623 634 633 688 689 700 699 
623 624 635 634 689 690 701 700 
624 625 636 635 690 691 702 701 
625 626 637 636 691 692 703 702 
626 627 638 637 692 693 704 703 
629 628 639 640 695 694 705 706 
628 630 641 639 694 696 707 705 
630 631 642 641 696 697 708 707 
631 632 643 642 697 698 709 708 
632 633 644 643 698 699 710 709 
633 634 645 644 699 700 711 710 
634 635 646 645 700 701 712 711 
635 636 647 646 701 702 713 712 
636 637 648 647 702 703 714 713 
637 638 649 648 703 704 715 714 
640 639 650 651 706 705 716 717 
639 641 652 650 705 707 718 716 
641 642 653 652 707 708 719 718 
642 643 654 653 708 709 720 719 
643 644 655 654 709 710 721 720 
644 645 656 655 710 711 722 721 
645 646 657 656 711 712 723 722 
646 647 658 657 712 713 724 723 
647 648 659 658 713 714 725 724 
648 649 660 659 714 715 726 725 
727 728 729 730 731 732 733 734 
728 735 736 729 732 737 738 733 
735 739 740 736 737 741 742 738 
739 743 744 740 741 745 746 742 
730 729 747 748 734 733 749 750 
729 736 751 747 733 738 752 749 
736 740 753 751 738 742 754 752 
740 744 755 753 742 746 756 754 
748 747 757 758 750 749 759 760 
747 751 761 757 749 752 762 759 
751 753 763 761 752 754 764 762 
753 755 765 763 754 756 766 764 
758 757 767 768 760 759 769 770 
757 761 771 767 759 762 772 769 
761 763 773 771 762 764 774 772 
763 765 775 773 764 766 776 774 
768 767 29 25 770 769 31 27 
767 771 33 29 769 772 35 31 
771 773 37 33 772 774 39 35 
773 775 41 37 774 776 43 39 
731 732 733 734 777 778 779 780 
732 737 738 733 778 781 782 779 
737 741 742 738 781 783 784 782 
741 745 746 742 783 785 786 784 
734 733 749 750 780 779 787 788 
733 738 752 749 779 782 789 787 
738 742 754 752 782 784 790 789 
742 746 756 754 784 786 791 790 
750 749 759 760 788 787 792 793 
749 752 762 759 787 789 794 792 
752 754 764 762 789 790 795 794 
754 756 766 764 790 791 796 795 
760 759 769 770 793 792 797 798 
759 762 772 769 792 794 799 797 
762 764 774 772 794 795 800 799 
764 766 776 774 795 796 801 800 
770 769 31 27 798 797 147 145 
769 772 35 31 797 799 149 147 
772 774 39 35 799 800 151 149 
774 776 43 39 800 801 153 151 
777 778 779 780 802 803 804 805 
778 781 782 779 803 806 807 804 
781 783 784 782 806 808 809 807 
783 785 786 784 808 810 811 809 
780 779 787 788 805 804 812 813 
779 782 789 787 804 807 814 812 
782 784 790 789 807 809 815 814 
784 786 791 790 809 811 816 815 
788 787 792 793 813 812 817 818 
787 789 794 792 812 814 819 817 
789 790 795 794 814 815 820 819 
790 791 796 795 815 816 821 820 
793 792 797 798 818 817 822 823 
792 794 799 797 817 819 824 822 
794 795 800 799 819 820 825 824 
795 796 801 800 820 821 826 825 
798 797 147 145 823 822 213 211 
797 799 149 147 822 824 215 213 
799 800 151 149 824 825 217 215 
800 801 153 151 825 826 219 217 
802 803 804 805 827 828 829 830 
803 806 807 804 828 831 832 829 
806 808 809 807 831 833 834 832 
808 810 811 809 833 835 836 834 
805 804 812 813 830 829 837 838 
804 807 814 812 829 832 839 837 
807 809 815 814 832 834 840 839 
809 811 816 815 834 836 841 840 
813 812 817 818 838 837 842 843 
812 814 819 817 837 839 844 842 
814 815 820 819 839 840 845 844 
815 816 821 820 840 841 846 845 
818 817 822 823 843 842 847 848 
817 819 824 822 842 844 849 847 
819 820 825 824 844 845 850 849 
820 821 826 825 845 846 851 850 
823 822 213 211 848 847 279 277 
822 824 215 213 847 849 281 279 
824 825 217 215 849 850 283 281 
825 826 219 217 850 851 285 283 
827 828 829 830 852 853 854 855 
828 831 832 829 853 856 857 854 
831 833 834 832 856 858 859 857 
833 835 836 834 858 860 861 859 
830 829 837 838 855 854 862 863 
829 832 839 837 854 857 864 862 
832 834 840 839 857 859 865 864 
834 836 841 840 859 861 866 865 
838 837 842 843 863 862 867 868 
837 839 844 842 862 864 869 867 
839 840 845 844 864 865 870 869 
840 841 846 845 865 866 871 870 
843 842 847 848 868 867 872 873 
842 844 849 847 867 869 874 872 
844 845 850 849 869 870 875 874 
845 846 851 850 870 871 876 875 
848 847 279 277 873 872 345 343 
847 849 281 279 872 874 347 345 
849 850 283 281 874 875 349 347 
850 851 285 283 875 876 351 349 
852 853 854 855 877 878 879 880 
853 856 857 854 878 881 882 879 
856 858 859 857 881 883 884 882 
858 860 861 859 883 885 886 884 
855 854 862 863 880 879 887 888 
854 857 864 862 879 882 889 887 
857 859 865 864 882 884 890 889 
859 861 866 865 884 886 891 890 
863 862 867 868 888 887 892 893 
862 864 869 867 887 889 894 892 
864 865 870 869 889 890 895 894 
865 866 871 870 890 891 896 895 
868 867 872 873 893 892 897 898 
867 869 874 872 892 894 899 897 
869 870 875 874 894 895 900 899 
870 871 876 875 895 896 901 900 
873 872 345 343 898 897 411 409 
872 874 347 345 897 899 413 411 
874 875 349 347 899 900 415 413 
875 876 351 349 900 901 417 415 
877 878 879 880 902 903 904 905 
878 881 882 879 903 906 907 904 
881 883 884 882 906 908 909 907 
883 885 886 884 908 910 911 909 
880 879 887 888 905 904 912 913 
879 882 889 887 904 907 914 912 
882 884 890 889 907 909 915 914 
884 886 891 890 909 911 916 915 
888 887 892 893 913 912 917 918 
887 889 894 892 912 914 919 917 
889 890 895 894 914 915 920 919 
890 891 896 895 915 916 921 920 
893 892 897 898 918 917 922 923 
892 894 899 897 917 919 924 922 
894 895 900 899 919 920 925 924 
895 896 901 900 920 921 926 925 
898 897 411 409 923 922 477 475 
897 899 413 411 922 924 479 477 
899 900 415 413 924 925 481 479 
900 901 417 415 925 926 483 481 
902 903 904 905 927 928 929 930 
903 906 907 904 928 931 932 929 
906 908 909 907 931 933 934 932 
908 910 911 909 933 935 936 934 
905 904 912 913 930 929 937 938 
904 907 914 912 929 932 939 937 
907 909 915 914 932 934 940 939 
909 911 916 915 934 936 941 940 
913 912 917 918 938 937 942 943 
912 914 919 917 937 939 944 942 
914 915 920 919 939 940 945 944 
915 916 921 920 940 941 946 945 
918 917 922 923 943 942 947 948 
917 919 924 922 942 944 949 947 
919 920 925 924 944 945 950 949 
920 921 926 925 945 946 951 950 
923 922 477 475 948 947 543 541 
922 924 479 477 947 949 545 543 
924 925 481 479 949 950 547 545 
925 926 483 481 950 951 549 547 
927 928 929 930 952 953 954 955 
928 931 932 929 953 956 957 954 
931 933 934 932 956 958 959 957 
933 935 936 934 958 960 961 959 
930 929 937 938 955 954 962 963 
929 932 939 937 954 957 964 962 
932 934 940 939 957 959 965 964 
934 936 941 940 959 961 966 965 
938 937 942 943 963 962 967 968 
937 939 944 942 962 964 969 967 
939 940 945 944 964 965 970 969 
940 941 946 945 965 966 971 970 
943 942 947 948 968 967 972 973 
942 944 949 947 967 969 974 972 
944 945 950 949 969 970 975 974 
945 946 951 950 970 971 976 975 
948 947 543 541 973 972 609 607 
947 949 545 543 972 974 611 609 
949 950 547 545 974 975 613 611 
950 951 549 547 975 976 615 613 
952 953 954 955 977 978 979 980 
953 956 957 954 978 981 982 979 
956 958 959 957 981 983 984 982 
958 960 961 959 983 985 986 984 
955 954 962 963 980 979 987 988 
954 957 964 962 979 982 989 987 
957 959 965 964 982 984 990 989 
959 961 966 965 984 986 991 990 
963 962 967 968 988 987 992 993 
962 964 969 967 987 989 994 992 
964 965 970 969 989 990 995 994 
965 966 971 970 990 991 996 995 
968 967 972 973 993 992 997 998 
967 969 974 972 992 994 999 997 
969 970 975 974 994 995 1000 999 
970 971 976 975 995 996 1001 1000 
973 972 609 607 998 997 675 673 
972 974 611 609 997 999 677 675 
974 975 613 611 999 1000 679 677 
975 976 615 613 1000 1001 681 679 
9 2 1002 1003 11 6 1004 1005 
2 1 1006 1002 6 5 1007 1004 
1003 1002 1008 1009 1005 1004 1010 1011 
1002 1006 1012 1008 1004 1007 1013 1010 
1009 1008 1014 1015 1011 1010 1016 1017 
1008 1012 1018 1014 1010 1013 1019 1016 
1015 1014 1020 1021 1017 1016 1022 1023 
1014 1018 1024 1020 1016 1019 1025 1022 
1021 1020 1026 1027 1023 1022 1028 1029 
1020 1024 1030 1026 1022 1025 1031 1028 
11 6 1004 1005 137 134 1032 1033 
6 5 1007 1004 134 133 1034 1032 
1005 1004 1010 1011 1033 1032 1035 1036 
1004 1007 1013 1010 1032 1034 1037 1035 
1011 1010 1016 1017 1036 1035 1038 1039 
1010 1013 1019 1016 1035 1037 1040 1038 
1017 1016 1022 1023 1039 1038 1041 1042 
1016 1019 1025 1022 1038 1040 1043 1041 
1023 1022 1028 1029 1042 1041 1044 1045 
1022 1025 1031 1028 1041 1043 1046 1044 
137 134 1032 1033 203 200 1047 1048 
134 133 1034 1032 200 199 1049 1047 
1033 1032 1035 1036 1048 1047 1050 1051 
1032 1034 1037 1035 1047 1049 1052 1050 
1036 1035 1038 1039 1051 1050 1053 1054 
1035 1037 1040 1038 1050 1052 1055 1053 
1039 1038 1041 1042 1054 1053 1056 1057 
1038 1040 1043 1041 1053 1055 1058 1056 
1042 1041 1044 1045 1057 1056 1059 1060 
1041 1043 1046 1044 1056 1058 1061 1059 
203 200 1047 1048 269 266 1062 1063 
200 199 1049 1047 266 265 1064 1062 
1048 1047 1050 1051 1063 1062 1065 1066 
1047 1049 1052 1050 1062 1064 1067 1065 
1051 1050 1053 1054 1066 1065 1068 1069 
1050 1052 1055 1053 1065 1067 1070 1068 
1054 1053 1056 1057 1069 1068 1071 1072 
1053 1055 1058 1056 1068 1070 1073 1071 
1057 1056 1059 1060 1072 1071 1074 1075 
1056 1058 1061 1059 1071 1073 1076 1074 
269 266 1062 1063 335 332 1077 1078 
266 265 1064 1062 332 331 1079 1077 
1063 1062 1065 1066 1078 1077 1080 1081 
1062 1064 1067 1065 1077 1079 1082 1080 
1066 1065 1068 1069 1081 1080 1083 1084 
1065 1067 1070 1068 1080 1082 1085 1083 
1069 1068 1071 1072 1084 1083 1086 1087 
1068 1070 1073 1071 1083 1085 1088 1086 
1072 1071 1074 1075 1087 1086 1089 1090 
1071 1073 1076 1074 1086 1088 1091 1089 
335 332 1077 1078 401 398 1092 1093 
332 331 1079 1077 398 397 1094 1092 
1078 1077 1080 1081 1093 1092 1095 1096 
1077 1079 1082 1080 1092 1094 1097 1095 
1081 1080 1083 1084 1096 1095 1098 1099 
1080 1082 1085 1083 1095 1097 1100 1098 
1084 1083 1086 1087 1099 1098 1101 1102 
1083 1085 1088 1086 1098 1100 1103 1101 
1087 1086 1089 1090 1102 1101 1104 1105 
1086 1088 1091 1089 1101 1103 1106 1104 
401 398 1092 1093 467 464 1107 1108 
398 397 1094 1092 464 463 1109 1107 
1093 1092 1095 1096 1108 1107 1110 1111 
1092 1094 1097 1095 1107 1109 1112 1110 
1096 1095 1098 1099 1111 1110 1113 1114 
1095 1097 1100 1098 1110 1112 1115 1113 
1099 1098 1101 1102 1114 1113 1116 1117 
1098 1100 1103 1101 1113 1115 1118 1116 
1102 1101 1104 1105 1117 1116 1119 1120 
1101 1103 1106 1104 1116 1118 1121 1119 
467 464 1107 1108 533 530 1122 1123 
464 463 1109 1107 530 529 1124 1122 
1108 1107 1110 1111 1123 1122 1125 1126 
1107 1109 1112 1110 1122 1124 1127 1125 
1111 1110 1113 1114 1126 1125 1128 1129 
1110 1112 1115 1113 1125 1127 1130 1128 
1114 1113 1116 1117 1129 1128 1131 1132 
1113 1115 1118 1116 1128 1130 1133 1131 
1117 1116 1119 1120 1132 1131 1134 1135 
1116 1118 1121 1119 1131 1133 1136 1134 
533 530 1122 1123 599 596 1137 1138 
530 529 1124 1122 596 595 1139 1137 
1123 1122 1125 1126 1138 1137 1140 1141 
1122 1124 1127 1125 1137 1139 1142 1140 
1126 1125 1128 1129 1141 1140 1143 1144 
1125 1127 1130 1128 1140 1142 1145 1143 
1129 1128 1131 1132 1144 1143 1146 1147 
1128 1130 1133 1131 1143 1145 1148 1146 
1132 1131 1134 1135 1147 1146 1149 1150 
1131 1133 1136 1134 1146 1148 1151 1149 
599 596 1137 1138 665 662 1152 1153 
596 595 1139 1137 662 661 1154 1152 
1138 1137 1140 1141 1153 1152 1155 1156 
1137 1139 1142 1140 1152 1154 1157 1155 
1141 1140 1143 1144 1156 1155 1158 1159 
1140 1142 1145 1143 1155 1157 1160 1158 
1144 1143 1146 1147 1159 1158 1161 1162 
1143 1145 1148 1146 1158 1160 1163 1161 
1147 1146 1149 1150 1162 1161 1164 1165 
1146 1148 1151 1149 1161 1163 1166 1164 
17 13 1167 1168 19 15 1169 1170 
13 9 1003 1167 15 11 1005 1169 
1168 1167 1171 1172 1170 1169 1173 1174 
1167 1003 1009 1171 1169 1005 1011 1173 
1172 1171 1175 1176 1174 1173 1177 1178 
1171 1009 1015 1175 1173 1011 1017 1177 
1176 1175 1179 1180 1178 1177 1181 1182 
1175 1015 1021 1179 1177 1017 1023 1181 
1180 1179 1183 1184 1182 1181 1185 1186 
1179 1021 1027 1183 1181 1023 1029 1185 
19 15 1169 1170 141 139 1187 1188 
15 11 1005 1169 139 137 1033 1187 
1170 1169 1173 1174 1188 1187 1189 1190 
1169 1005 1011 1173 1187 1033 1036 1189 
1174 1173 1177 1178 1190 1189 1191 1192 
1173 1011 1017 1177 1189 1036 1039 1191 
1178 1177 1181 1182 1192 1191 1193 1194 
1177 1017 1023 1181 1191 1039 1042 1193 
1182 1181 1185 1186 1194 1193 1195 1196 
1181 1023 1029 1185 1193 1042 1045 1195 
141 139 1187 1188 207 205 1197 1198 
139 137 1033 1187 205 203 1048 1197 
1188 1187 1189 1190 1198 1197 1199 1200 
1187 1033 1036 1189 1197 1048 1051 1199 
1190 1189 1191 1192 1200 1199 1201 1202 
1189 1036 1039 1191 1199 1051 1054 1201 
1192 1191 1193 1194 1202 1201 1203 1204 
1191 1039 1042 1193 1201 1054 1057 1203 
1194 1193 1195 1196 1204 1203 1205 1206 
1193 1042 1045 1195 1203 1057 1060 1205 
207 205 1197 1198 273 271 1207 1208 
205 203 1048 1197 271 269 1063 1207 
1198 1197 1199 1200 1208 1207 1209 1210 
1197 1048 1051 1199 1207 1063 1066 1209 
1200 1199 1201 1202 1210 1209 1211 1212 
1199 1051 1054 1201 1209 1066 1069 1211 
1202 1201 1203 1204 1212 1211 1213 1214 
1201 1054 1057 1203 1211 1069 1072 1213 
1204 1203 1205 1206 1214 1213 1215 1216 
1203 1057 1060 1205 1213 1072 1075 1215 
273 271 1207 1208 339 337 1217 1218 
271 269 1063 1207 337 335 1078 1217 
1208 1207 1209 1210 1218 1217 1219 1220 
1207 1063 1066 1209 1217 1078 1081 1219 
1210 1209 1211 1212 1220 1219 1221 1222 
1209 1066 1069 1211 1219 1081 1084 1221 
1212 1211 1213 1214 1222 1221 1223 1224 
1211 1069 1072 1213 1221 1084 1087 1223 
1214 1213 1215 1216 1224 1223 1225 1226 
1213 1072 1075 1215 1223 1087 1090 1225 
339 337 1217 1218 405 403 1227 1228 
337 335 1078 1217 403 401 1093 1227 
1218 1217 1219 1220 1228 1227 1229 1230 
1217 1078 1081 1219 1227 1093 1096 1229 
1220 1219 1221 1222 1230 1229 1231 1232 
1219 1081 1084 1221 1229 1096 1099 1231 
1222 1221 1223 1224 1232 1231 1233 1234 
1221 1084 1087 1223 1231 1099 1102 1233 
1224 1223 1225 1226 1234 1233 1235 1236 
1223 1087 1090 1225 1233 1102 1105 1235 
405 403 1227 1228 471 469 1237 1238 
403 401 1093 1227 469 467 1108 1237 
1228 1227 1229 1230 1238 1237 1239 1240 
1227 1093 1096 1229 1237 1108 1111 1239 
1230 1229 1231 1232 1240 1239 1241 1242 
1229 1096 1099 1231 1239 1111 1114 1241 
1232 1231 1233 1234 1242 1241 1243 1244 
1231 1099 1102 1233 1241 1114 1117 1243 
1234 1233 1235 1236 1244 1243 1245 1246 
1233 1102 1105 1235 1243 1117 1120 1245 
471 469 1237 1238 537 535 1247 1248 
469 467 1108 1237 535 533 1123 1247 
1238 1237 1239 1240 1248 1247 1249 1250 
1237 1108 1111 1239 1247 1123 1126 1249 
1240 1239 1241 1242 1250 1249 1251 1252 
1239 1111 1114 1241 1249 1126 1129 1251 
1242 1241 1243 1244 1252 1251 1253 1254 
1241 1114 1117 1243 1251 1129 1132 1253 
1244 1243 1245 1246 1254 1253 1255 1256 
1243 1117 1120 1245 1253 1132 1135 1255 
537 535 1247 1248 603 601 1257 1258 
535 533 1123 1247 601 599 1138 1257 
1248 1247 1249 1250 1258 1257 1259 1260 
1247 1123 1126 1249 1257 1138 1141 1259 
1250 1249 1251 1252 1260 1259 1261 1262 
1249 1126 1129 1251 1259 1141 1144 1261 
1252 1251 1253 1254 1262 1261 1263 1264 
1251 1129 1132 1253 1261 1144 1147 1263 
1254 1253 1255 1256 1264 1263 1265 1266 
1253 1132 1135 1255 1263 1147 1150 1265 
603 601 1257 1258 669 667 1267 1268 
601 599 1138 1257 667 665 1153 1267 
1258 1257 1259 1260 1268 1267 1269 1270 
1257 1138 1141 1259 1267 1153 1156 1269 
1260 1259 1261 1262 1270 1269 1271 1272 
1259 1141 1144 1261 1269 1156 1159 1271 
1262 1261 1263 1264 1272 1271 1273 1274 
1261 1144 1147 1263 1271 1159 1162 1273 
1264 1263 1265 1266 1274 1273 1275 1276 
1263 1147 1150 1265 1273 1162 1165 1275 
673 607 973 998 671 605 1277 1278 
607 541 948 973 605 539 1279 1277 
541 475 923 948 539 473 1280 1279 
475 409 898 923 473 407 1281 1280 
409 343 873 898 407 341 1282 1281 
343 277 848 873 341 275 1283 1282 
277 211 823 848 275 209 1284 1283 
211 145 798 823 209 143 1285 1284 
145 27 770 798 143 23 1286 1285 
27 25 768 770 23 21 1287 1286 
998 973 968 993 1278 1277 1288 1289 
973 948 943 968 1277 1279 1290 1288 
948 923 918 943 1279 1280 1291 1290 
923 898 893 918 1280 1281 1292 1291 
898 873 868 893 1281 1282 1293 1292 
873 848 843 868 1282 1283 1294 1293 
848 823 818 843 1283 1284 1295 1294 
823 798 793 818 1284 1285 1296 1295 
798 770 760 793 1285 1286 1297 1296 
770 768 758 760 1286 1287 1298 1297 
993 968 963 988 1289 1288 1299 1300 
968 943 938 963 1288 1290 1301 1299 
943 918 913 938 1290 1291 1302 1301 
918 893 888 913 1291 1292 1303 1302 
893 868 863 888 1292 1293 1304 1303 
868 843 838 863 1293 1294 1305 1304 
843 818 813 838 1294 1295 1306 1305 
818 793 788 813 1295 1296 1307 1306 
793 760 750 788 1296 1297 1308 1307 
760 758 748 750 1297 1298 1309 1308 
988 963 955 980 1300 1299 1310 1311 
963 938 930 955 1299 1301 1312 1310 
938 913 905 930 1301 1302 1313 1312 
913 888 880 905 1302 1303 1314 1313 
888 863 855 880 1303 1304 1315 1314 
863 838 830 855 1304 1305 1316 1315 
838 813 805 830 1305 1306 1317 1316 
813 788 780 805 1306 1307 1318 1317 
788 750 734 780 1307 1308 1319 1318 
750 748 730 734 1308 1309 1320 1319 
980 955 952 977 1311 1310 1321 1322 
955 930 927 952 1310 1312 1323 1321 
930 905 902 927 1312 1313 1324 1323 
905 880 877 902 1313 1314 1325 1324 
880 855 852 877 1314 1315 1326 1325 
855 830 827 852 1315 1316 1327 1326 
830 805 802 827 1316 1317 1328 1327 
805 780 777 802 1317 1318 1329 1328 
780 734 731 777 1318 1319 1330 1329 
734 730 727 731 1319 1320 1331 1330 
671 605 1277 1278 669 603 1258 1268 
605 539 1279 1277 603 537 1248 1258 
539 473 1280 1279 537 471 1238 1248 
473 407 1281 1280 471 405 1228 1238 
407 341 1282 1281 405 339 1218 1228 
341 275 1283 1282 339 273 1208 1218 
275 209 1284 1283 273 207 1198 1208 
209 143 1285 1284 207 141 1188 1198 
143 23 1286 1285 141 19 1170 1188 
23 21 1287 1286 19 17 1168 1170 
1278 1277 1288 1289 1268 1258 1260 1270 
1277 1279 1290 1288 1258 1248 1250 1260 
1279 1280 1291 1290 1248 1238 1240 1250 
1280 1281 1292 1291 1238 1228 1230 1240 
1281 1282 1293 1292 1228 1218 1220 1230 
1282 1283 1294 1293 1218 1208 1210 1220 
1283 1284 1295 1294 1208 1198 1200 1210 
1284 1285 1296 1295 1198 1188 1190 1200 
1285 1286 1297 1296 1188 1170 1174 1190 
1286 1287 1298 1297 1170 1168 1172 1174 
1289 1288 1299 1300 1270 1260 1262 1272 
1288 1290 1301 1299 1260 1250 1252 1262 
1290 1291 1302 1301 1250 1240 1242 1252 
1291 1292 1303 1302 1240 1230 1232 1242 
1292 1293 1304 1303 1230 1220 1222 1232 
1293 1294 1305 1304 1220 1210 1212 1222 
1294 1295 1306 1305 1210 1200 1202 1212 
1295 1296 1307 1306 1200 1190 1192 1202 
1296 1297 1308 1307 1190 1174 1178 1192 
1297 1298 1309 1308 1174 1172 1176 1178 
1300 1299 1310 1311 1272 1262 1264 1274 
1299 1301 1312 1310 1262 1252 1254 1264 
1301 1302 1313 1312 1252 1242 1244 1254 
1302 1303 1314 1313 1242 1232 1234 1244 
1303 1304 1315 1314 1232 1222 1224 1234 
1304 1305 1316 1315 1222 1212 1214 1224 
1305 1306 1317 1316 1212 1202 1204 1214 
1306 1307 1318 1317 1202 1192 1194 1204 
1307 1308 1319 1318 1192 1178 1182 1194 
1308 1309 1320 1319 1178 1176 1180 1182 
1311 1310 1321 1322 1274 1264 1266 1276 
1310 1312 1323 1321 1264 1254 1256 1266 
1312 1313 1324 1323 1254 1244 1246 1256 
1313 1314 1325 1324 1244 1234 1236 1246 
1314 1315 1326 1325 1234 1224 1226 1236 
1315 1316 1327 1326 1224 1214 1216 1226 
1316 1317 1328 1327 1214 1204 1206 1216 
1317 1318 1329 1328 1204 1194 1196 1206 
1318 1319 1330 1329 1194 1182 1186 1196 
1319 1320 1331 1330 1182 1180 1184 1186 
